0.967,30,29,33
B0,mixamorig_Hips,-1,0.9937919974327087,-0.11080385744571686,-0.009961872361600399,0,-0.05594620108604431,-0.42035627365112305,-0.9056329727172852,0,0.09616009145975113,0.9005681276321411,-0.42394575476646423,0,0.0010349999647587538,0.2575550079345703,-0.007952000014483929,1
B1,mixamorig_Spine,0,0.9895930290222168,-0.13044863939285278,0.06074107438325882,0,0.04556531459093094,0.6844651103019714,0.7276198863983154,0,-0.13649219274520874,-0.7172800302505493,0.6832859516143799,0,0,0.0709799975156784,-0.009132999926805496,1
B2,mixamorig_Spine1,1,0.9977329969406128,0.030632371082901955,0.05991498380899429,0,-0.04455963149666786,0.967953085899353,0.24714884161949158,0,-0.05042409896850586,-0.2492581456899643,0.9671229124069214,0,0,0.08349200338125229,0,1
B3,mixamorig_Spine2,2,0.9982710480690002,0.03866182267665863,0.04427705705165863,0,-0.0485011488199234,0.9673240184783936,0.24885986745357513,0,-0.03320889174938202,-0.2505771219730377,0.967526912689209,0,0,0.0954200029373169,0,1
B4,mixamorig_Neck,3,0.9997130632400513,0.023690156638622284,0.0036830129101872444,0,-0.023816846311092377,0.9637390375137329,0.26578289270401,0,0.002746972721070051,-0.2657940983772278,0.9640259146690369,0,0,0.10734699666500092,0,1
B5,mixamorig_Head,4,0.9922449588775635,0.12419907003641129,0.005025096703320742,0,-0.1117468997836113,0.8735990524291992,0.47364285588264465,0,0.05443606898188591,-0.470531165599823,0.8807029724121094,0,0,0.03234599903225899,0.012275000102818012,1
B6,mixamorig_HeadTop_End,5,1,0,0,0,0,1,0,0,0,0,1,0,0,0.17927700281143188,0.0680370032787323,1
B7,mixamorig_LeftShoulder,3,0.02714901603758335,0.09434285014867783,-0.9951699376106262,0,0.9863589406013489,-0.16421398520469666,0.011341006495058537,0,-0.16235096752643585,-0.9819030165672302,-0.09751416742801666,0,0.04196000099182129,0.09171699732542038,-0.002015999983996153,1
B8,mixamorig_LeftArm,7,0.7251418232917786,-0.17360791563987732,-0.6663552522659302,0,0.6497749090194702,-0.1478288769721985,0.7456132769584656,0,-0.2279510498046875,-0.9736571311950684,0.005609138868749142,0,0,0.08918199688196182,0,1
B9,mixamorig_LeftForeArm,8,0.8240338563919067,0.5635890960693359,-0.05775628983974457,0,-0.5652209520339966,0.8247861266136169,-0.0159420445561409,0,0.038651783019304276,0.045781802386045456,0.9982029795646667,0,0,0.20693500339984894,0,1
B10,mixamorig_LeftHand,9,0.8798040747642517,-0.4194488525390625,-0.22362108528614044,0,-0.2566770315170288,-0.02326624095439911,-0.9662169218063354,0,0.4000762104988098,0.9074808955192566,-0.12813276052474976,0,0,0.23471599817276,0,1
B11,mixamorig_LeftHandIndex1,10,0.9983289837837219,-0.047415945678949356,0.03302941098809242,0,0.042004115879535675,0.9879860281944275,0.14872699975967407,0,-0.03968459740281105,-0.14709100127220154,0.9883260130882263,0,0,0.049660999327898026,0,1
B12,mixamorig_LeftHandIndex2,11,0.9994580149650574,0.03286014497280121,-0.002200095448642969,0,-0.032858844846487045,0.9904569983482361,-0.13384512066841125,0,-0.002219070913270116,0.13384488224983215,0.9910000562667847,0,0,0.020037999376654625,0,1
B13,mixamorig_LeftHandIndex3,12,0.9573339819908142,-0.28007593750953674,-0.07119321078062057,0,0.2886989712715149,0.916002094745636,0.27855461835861206,0,-0.012803321704268456,-0.28722330927848816,0.9577778577804565,0,0.00113800005055964,0.0330829992890358,0.004523999989032745,1
B14,mixamorig_LeftHandIndex4,13,1,0,0,0,0,1,0,0,0,0,1,0,-0.004896000027656555,0.018295999616384506,-0.0029619999695569277,1
B15,mixamorig_RightShoulder,3,-0.016416573897004128,-0.00221681478433311,0.9998629689216614,0,-0.9929199814796448,-0.11762062460184097,-0.016563400626182556,0,0.11764127761125565,-0.9930558800697327,-0.00027014108491130173,0,-0.04196000099182129,0.0917150005698204,-0.0020069999154657125,1
B16,mixamorig_RightArm,15,0.7830760478973389,0.21265621483325958,0.5844399333000183,0,-0.6069790720939636,0.056537117809057236,0.7927038669586182,0,0.13553085923194885,-0.9754899740219116,0.17335070669651031,0,0,0.08918199688196182,0,1
B17,mixamorig_RightForeArm,16,0.7466198205947876,-0.6617080569267273,0.0685669556260109,0,0.6638779044151306,0.7477300763130188,-0.012912917882204056,0,-0.04272496700286865,0.05516109615564346,0.9975629448890686,0,0,0.2069060057401657,0,1
B18,mixamorig_RightHand,17,0.6104539632797241,0.6397857666015625,0.4669264256954193,0,0.447466641664505,0.20785091817378998,-0.8698111176490784,0,-0.6535440683364868,0.7399137616157532,-0.15939942002296448,0,0,0.23405499756336212,0,1
B19,mixamorig_RightHandIndex1,18,0.8076968789100647,-0.04268186166882515,0.5880501866340637,0,-0.0398675799369812,0.9911400079727173,0.12669770419597626,0,-0.5882477760314941,-0.1257774829864502,0.7988390326499939,0,0,0.064519003033638,0,1
B20,mixamorig_RightHandIndex2,19,0.9912800192832947,0.13095693290233612,0.01461839210242033,0,-0.1309569776058197,0.9667730331420898,0.21954594552516937,0,0.014618401415646076,-0.21954599022865295,0.9754930138587952,0,0,0.01744600012898445,0,1
B21,mixamorig_RightHandIndex3,20,0.9984710216522217,0.013887093402445316,0.05349890887737274,0,-0.03406297042965889,0.9168688058853149,0.39773234724998474,0,-0.04352813959121704,-0.398946613073349,0.9159401059150696,0,0.0033650000113993883,0.025111999362707138,-0.005659000016748905,1
B22,mixamorig_RightHandIndex4,21,1,0,0,0,0,1,0,0,0,0,1,0,0.0019099999917671084,0.011371999979019165,-0.008542000316083431,1
B23,mixamorig_LeftUpLeg,0,-0.5185009837150574,-0.38176482915878296,0.76512211561203,0,0.8533620834350586,-0.2876743674278259,0.43476083874702454,0,0.05412957817316055,0.878350019454956,0.47494298219680786,0,0.0709569975733757,-0.03940900042653084,-0.002124000107869506,1
B24,mixamorig_LeftLeg,23,0.997160017490387,-0.0400288924574852,-0.06378776580095291,0,0.009392986074090004,0.9065278768539429,-0.4220401346683502,0,0.07471924275159836,0.4202427566051483,0.9043300747871399,0,0,0.3308440148830414,0,1
B25,mixamorig_LeftFoot,24,0.9812439680099487,0.1849120706319809,-0.05448198691010475,0,-0.14425592124462128,0.8918280005455017,0.428756982088089,0,0.12787096202373505,-0.4128560423851013,0.9017759561538696,0,0,0.29191601276397705,0,1
B26,mixamorig_LeftToeBase,25,0.9909350872039795,-0.000023081045583239757,0.13434167206287384,0,-0.08236023783683777,0.7899271249771118,0.6076437830924988,0,-0.10613419115543365,-0.6132001280784607,0.7827648520469666,0,0,0.12916600704193115,0,1
B27,mixamorig_LeftToe_End,26,1,0,0,0,0,1,0,0,0,0,1,0,0,0.04609899967908859,0,1
B28,mixamorig_RightUpLeg,0,-0.6321380734443665,0.500603199005127,-0.591436505317688,0,-0.7716630101203918,-0.47593289613723755,0.4219287931919098,0,-0.07026523351669312,0.7231071591377258,0.6871526837348938,0,-0.0709569975733757,-0.03940900042653084,-0.002420000033453107,1
B29,mixamorig_RightLeg,28,0.9839518666267395,-0.031373076140880585,-0.17565421760082245,0,0.0006619388004764915,0.98505699634552,-0.17223015427589417,0,0.17843271791934967,0.1693498194217682,0.9692689776420593,0,0,0.33078300952911377,0,1
B30,mixamorig_RightFoot,29,0.9477099180221558,0.04151802137494087,-0.3164212107658386,0,0.26216980814933777,0.46406787633895874,0.8461131453514099,0,0.18196988105773926,-0.8848260045051575,0.4289170205593109,0,0,0.29187700152397156,0,1
B31,mixamorig_RightToeBase,30,0.9920360445976257,0.0008122837753035128,-0.12595178186893463,0,0.07120035588741302,0.8212610483169556,0.5660929679870605,0,0.1038990244269371,-0.5705519914627075,0.814661979675293,0,0,0.12731100618839264,0,1
B32,mixamorig_RightToe_End,31,1,0,0,0,0,1,0,0,0,0,1,0,0,0.045586999505758286,0,1
@28,0,1,2,3,4,5,7,8,9,10,11,12,13,15,16,17,18,19,20,21,23,24,25,26,28,29,30,31
K0,0.9937919974327087,-0.11080406606197357,-0.009961620904505253,0,-0.055946070700883865,-0.42035630345344543,-0.9056328535079956,0,0.09616038203239441,0.9005680084228516,-0.4239457845687866,0,0.0010349999647587538,0.2575550079345703,-0.007952000014483929,1,0.9895930886268616,-0.1304485946893692,0.06074092537164688,0,0.045565392822027206,0.6844650506973267,0.7276199460029602,0,-0.1364920735359192,-0.7172800898551941,0.6832859516143799,0,0,0.0709799975156784,-0.009132999926805496,1,0.9977329969406128,0.030632372945547104,0.05991494283080101,0,-0.044559624046087265,0.967953085899353,0.24714884161949158,0,-0.050424057990312576,-0.2492581456899643,0.9671229124069214,0,0,0.08349200338125229,0,1,0.9982710480690002,0.038661833852529526,0.04427708312869072,0,-0.04850116744637489,0.9673240184783936,0.24885986745357513,0,-0.03320891782641411,-0.2505771219730377,0.967526912689209,0,0,0.0954200029373169,0,1,0.9997130632400513,0.023690160363912582,0.0036829933524131775,0,-0.023816842585802078,0.9637390375137329,0.2657829225063324,0,0.002746992977336049,-0.26579412817955017,0.9640259146690369,0,0,0.10734699666500092,0,1,0.9922449588775635,0.12419908493757248,0.005025085993111134,0,-0.1117468997836113,0.8735990524291992,0.47364285588264465,0,0.054436083883047104,-0.470531165599823,0.8807029128074646,0,0,0.03234599903225899,0.012275000102818012,1,0.02714872546494007,0.09434284269809723,-0.9951700568199158,0,0.9863590598106384,-0.16421397030353546,0.011340806260704994,0,-0.16235089302062988,-0.9819031357765198,-0.09751419723033905,0,0.04196000099182129,0.09171699732542038,-0.002015999983996153,1,0.725141704082489,-0.17360816895961761,-0.666355311870575,0,0.649774968624115,-0.14782890677452087,0.7456130981445312,0,-0.2279513031244278,-0.9736570119857788,0.00560934329405427,0,0,0.08918199688196182,0,1,0.8240338563919067,0.5635890960693359,-0.05775627866387367,0,-0.5652209520339966,0.8247861266136169,-0.015942130237817764,0,0.0386517234146595,0.04578186571598053,0.9982029795646667,0,0,0.20693500339984894,0,1,0.8798041343688965,-0.4194487929344177,-0.22362084686756134,0,-0.2566768229007721,-0.02326642908155918,-0.9662169814109802,0,0.40007615089416504,0.9074809551239014,-0.12813283503055573,0,0,0.23471599817276,0,1,0.9983289837837219,-0.04741591215133667,0.033029407262802124,0,0.04200408607721329,0.9879860281944275,0.14872699975967407,0,-0.039684586226940155,-0.14709100127220154,0.9883260130882263,0,0,0.049660999327898026,0,1,0.9994580149650574,0.032860152423381805,-0.002200083574280143,0,-0.032858848571777344,0.9904569983482361,-0.13384512066841125,0,-0.0022190832532942295,0.13384488224983215,0.9910000562667847,0,0,0.020037999376654625,0,1,0.9573339819908142,-0.28007596731185913,-0.07119327783584595,0,0.2886990010738373,0.9160020351409912,0.27855467796325684,0,-0.012803280726075172,-0.28722336888313293,0.9577778577804565,0,0.00113800005055964,0.0330829992890358,0.004523999989032745,1,-0.01641712337732315,-0.002216252963989973,0.9998630285263062,0,-0.992919921875,-0.11762126535177231,-0.016563842073082924,0,0.1176418662071228,-0.9930558800697327,-0.00026955176144838333,0,-0.04196000099182129,0.0917150005698204,-0.0020069999154657125,1,0.7830761671066284,0.21265606582164764,0.5844398140907288,0,-0.6069789528846741,0.05653725564479828,0.7927039861679077,0,0.13553069531917572,-0.9754900336265564,0.17335070669651031,0,0,0.08918199688196182,0,1,0.7466198205947876,-0.6617080569267273,0.06856698542833328,0,0.6638779044151306,0.7477300763130188,-0.012912893667817116,0,-0.04272500425577164,0.05516109615564346,0.9975629448890686,0,0,0.2069060057401657,0,1,0.6104543209075928,0.6397854089736938,0.4669264554977417,0,0.4474663734436035,0.2078510820865631,-0.8698112368583679,0,-0.6535438895225525,0.7399141192436218,-0.1593988984823227,0,0,0.23405499756336212,0,1,0.8076968789100647,-0.04268169030547142,0.5880502462387085,0,-0.03986768424510956,0.9911400079727173,0.1266975700855255,0,-0.5882477760314941,-0.1257774382829666,0.7988390326499939,0,0,0.064519003033638,0,1,0.9912800192832947,0.1309569925069809,0.01461840607225895,0,-0.13095703721046448,0.9667730331420898,0.21954599022865295,0,0.01461840607225895,-0.21954603493213654,0.9754930138587952,0,0,0.01744600012898445,0,1,0.9984710216522217,0.013887066394090652,0.053498879075050354,0,-0.034062936902046204,0.9168688058853149,0.39773237705230713,0,-0.04352812469005585,-0.3989466428756714,0.9159401059150696,0,0.0033650000113993883,0.025111999362707138,-0.005659000016748905,1,-0.5185006856918335,-0.381764680147171,0.7651222348213196,0,0.8533621430397034,-0.28767409920692444,0.4347606897354126,0,0.054129596799612045,0.8783500790596008,0.4749428331851959,0,0.0709569975733757,-0.03940900042653084,-0.002124000107869506,1,0.997160017490387,-0.040028952062129974,-0.06378774344921112,0,0.009393048472702503,0.9065278768539429,-0.4220401644706726,0,0.07471925020217896,0.4202427864074707,0.9043300747871399,0,0,0.3308440148830414,0,1,0.9812439680099487,0.1849120855331421,-0.054482005536556244,0,-0.14425590634346008,0.8918280005455017,0.4287570118904114,0,0.12787097692489624,-0.4128560721874237,0.9017759561538696,0,0,0.29191601276397705,0,1,0.9909350872039795,-0.00002318980659765657,0.13434171676635742,0,-0.08236018568277359,0.7899271249771118,0.6076438426971436,0,-0.10613428056240082,-0.6132001876831055,0.7827647924423218,0,0,0.12916600704193115,0,1,-0.6321383118629456,0.5006031394004822,-0.5914366245269775,0,-0.7716630101203918,-0.47593316435813904,0.4219287931919098,0,-0.07026542723178864,0.7231072187423706,0.687152624130249,0,-0.0709569975733757,-0.03940900042653084,-0.002420000033453107,1,0.9839518666267395,-0.031373072415590286,-0.17565423250198364,0,0.0006619306514039636,0.98505699634552,-0.17223016917705536,0,0.17843273282051086,0.16934983432292938,0.9692689776420593,0,0,0.33078300952911377,0,1,0.9477099180221558,0.041517917066812515,-0.3164212107658386,0,0.26216986775398254,0.46406787633895874,0.8461130857467651,0,0.1819697916507721,-0.8848260045051575,0.4289170503616333,0,0,0.29187700152397156,0,1,0.9920360445976257,0.0008123561856336892,-0.1259518712759018,0,0.07120035588741302,0.8212609887123108,0.5660930275917053,0,0.10389914363622665,-0.5705519914627075,0.8146619200706482,0,0,0.12731100618839264,0,1
K0.033,0.9879427552223206,0.06109714135527611,-0.142257422208786,0,-0.09984089434146881,-0.45084527134895325,-0.8870007991790771,0,-0.11832929402589798,0.8905091285705566,-0.43930932879447937,0,0.025434255599975586,0.2564559876918793,-0.020936215296387672,1,0.9866719245910645,-0.1573469340801239,-0.04147864505648613,0,0.13259845972061157,0.6297038197517395,0.765434980392456,0,-0.09431964159011841,-0.7607335448265076,0.6421753168106079,0,0,0.0709799975156784,-0.009132999926805496,1,0.999002993106842,0.031395066529512405,0.03175073117017746,0,-0.03812585398554802,0.9698832035064697,0.24057067930698395,0,-0.023241739720106125,-0.2415410727262497,0.9701120257377625,0,0,0.08349200338125229,0,1,0.9992180466651917,0.036753181368112564,0.014586259610950947,0,-0.039187680929899216,0.9696900844573975,0.2411748319864273,0,-0.005280207842588425,-0.24155783653259277,0.9703720808029175,0,0,0.0954200029373169,0,1,0.9989569187164307,0.04107726737856865,0.019918469712138176,0,-0.04482988268136978,0.9650939702987671,0.25803688168525696,0,-0.008623754605650902,-0.2586610019207001,0.9659300446510315,0,0,0.10734699666500092,0,1,0.9699598550796509,0.1966480314731598,0.1432030349969864,0,-0.238651841878891,0.8833110928535461,0.4034923017024994,0,-0.04714687541127205,-0.42554712295532227,0.9037069082260132,0,0,0.03234599903225899,0.012275000102818012,1,0.11526400595903397,0.08947627991437912,-0.9892969727516174,0,0.9729368686676025,-0.210961252450943,0.09427766501903534,0,-0.20026782155036926,-0.9733909964561462,-0.11137112230062485,0,0.04196000099182129,0.09171699732542038,-0.002015999983996153,1,0.6281348466873169,-0.3526313304901123,-0.6936120390892029,0,0.6546559929847717,-0.2423018515110016,0.7160422205924988,0,-0.42056214809417725,-0.9038479328155518,0.07865390926599503,0,0,0.08918199688196182,0,1,0.752755343914032,0.6555818319320679,-0.05976705253124237,0,-0.657479465007782,0.753243625164032,-0.01854419894516468,0,0.032861918210983276,0.0532548688352108,0.9980400204658508,0,0,0.20693500339984894,0,1,0.7291269302368164,-0.40887337923049927,-0.5488135814666748,0,-0.49696865677833557,0.2350156158208847,-0.8353381156921387,0,0.4705272614955902,0.8818105459213257,-0.03184105455875397,0,0,0.23471599817276,0,1,0.9986410140991211,-0.037071939557790756,0.036627113819122314,0,0.031288981437683105,0.9885701537132263,0.14747963845729828,0,-0.04167584702372551,-0.14613327383995056,0.9883871674537659,0,0,0.049660999327898026,0,1,0.9995369911193848,0.03039523772895336,-0.00100712850689888,0,-0.030350757762789726,0.9948800802230835,-0.09640000015497208,0,-0.0019281292334198952,0.09638594090938568,0.9953420758247375,0,0,0.020037999376654625,0,1,0.9572240114212036,-0.28003600239753723,-0.07281295210123062,0,0.28905200958251953,0.9141049385070801,0.2843621075153351,0,-0.013072948902845383,-0.2932448983192444,0.955947995185852,0,0.00113800005055964,0.0330829992890358,0.004523999989032745,1,-0.04083487391471863,-0.0516701303422451,0.9978289604187012,0,-0.9901308417320251,-0.13190238177776337,-0.047350142151117325,0,0.13406267762184143,-0.9899150133132935,-0.04577391594648361,0,-0.04196000099182129,0.0917150005698204,-0.0020069999154657125,1,0.8065062761306763,0.3161475360393524,0.4995981752872467,0,-0.5488981008529663,0.08641082793474197,0.8314105272293091,0,0.21967774629592896,-0.9447665810585022,0.24322372674942017,0,0,0.08918199688196182,0,1,0.7245533466339111,-0.6857565641403198,0.06899604201316833,0,0.688005268573761,0.7255827784538269,-0.013382820412516594,0,-0.04088496044278145,0.05716617405414581,0.997527003288269,0,0,0.2069060057401657,0,1,0.5821586847305298,0.6407119035720825,0.5005784034729004,0,0.4988521933555603,0.20470736920833588,-0.8421647548675537,0,-0.6420572996139526,0.739988386631012,-0.20044845342636108,0,0,0.23405499756336212,0,1,0.8075211048126221,-0.03830460458993912,0.5885938405990601,0,-0.039929620921611786,0.9920499324798584,0.11934220790863037,0,-0.5884860754013062,-0.11987372487783432,0.7995719909667969,0,0,0.064519003033638,0,1,0.9927250146865845,0.1192520335316658,0.016597745940089226,0,-0.11980287730693817,0.9646270871162415,0.2348250448703766,0,0.011992726475000381,-0.23510509729385376,0.9718959927558899,0,0,0.01744600012898445,0,1,0.9985000491142273,0.021507157012820244,0.050357136875391006,0,-0.03942891210317612,0.920539140701294,0.38865575194358826,0,-0.037996817380189896,-0.39005813002586365,0.9200059175491333,0,0.0033650000113993883,0.025111999362707138,-0.005659000016748905,1,-0.6383252739906311,-0.3257550001144409,0.6974418759346008,0,0.768174409866333,-0.2113197147846222,0.6043609976768494,0,-0.04949038475751877,0.921535849571228,0.38512739539146423,0,0.0709569975733757,-0.03940900042653084,-0.002124000107869506,1,0.9954760670661926,-0.09333069622516632,-0.017789574339985847,0,0.05857006087899208,0.7502425909042358,-0.658563494682312,0,0.0748106837272644,0.6545422077178955,0.7523148059844971,0,0,0.3308440148830414,0,1,0.9877200126647949,0.151160329580307,-0.0394863523542881,0,-0.09829698503017426,0.7977160811424255,0.5949681997299194,0,0.12143446505069733,-0.5837804675102234,0.8027785420417786,0,0,0.29191601276397705,0,1,0.9906959533691406,0.0001001420387183316,0.13609451055526733,0,-0.08509184420108795,0.7808870077133179,0.618848979473114,0,-0.10621247440576553,-0.6246718764305115,0.7736302018165588,0,0,0.12916600704193115,0,1,-0.679162323474884,0.4614863991737366,-0.57076096534729,0,-0.7097606658935547,-0.6110620498657227,0.3504897654056549,0,-0.18702413141727448,0.6431432366371155,0.7425554394721985,0,-0.0709569975733757,-0.03940900042653084,-0.002420000033453107,1,0.9825081825256348,-0.11630503088235855,-0.14543473720550537,0,0.06685220450162888,0.9492105841636658,-0.3074582815170288,0,0.17380701005458832,0.292357474565506,0.9403817057609558,0,0,0.33078300952911377,0,1,0.9706485271453857,0.03150224685668945,-0.23843084275722504,0,0.19175316393375397,0.49701327085494995,0.8462913036346436,0,0.14516334235668182,-0.8671711683273315,0.4763844907283783,0,0,0.29187700152397156,0,1,0.9893879890441895,-0.00021960845333524048,-0.1452948898077011,0,0.10089555382728577,0.7206091284751892,0.6859609484672546,0,0.10455022007226944,-0.6933414340019226,0.7129845023155212,0,0,0.12731100618839264,0,1
K0.067,0.9382138252258301,0.23415476083755493,-0.2548079490661621,0,-0.13285410404205322,-0.43617820739746094,-0.8899987936019897,0,-0.31953907012939453,0.8688612580299377,-0.37811991572380066,0,0.05100874602794647,0.25662800669670105,-0.042478788644075394,1,0.9823951125144958,-0.1541018784046173,-0.10560517013072968,0,0.17731569707393646,0.5911964178085327,0.7867947220802307,0,-0.05881315469741821,-0.7916688323020935,0.6081132292747498,0,0,0.0709799975156784,-0.009132999926805496,1,0.9995179772377014,0.03070705756545067,0.004499322269111872,0,-0.030929019674658775,0.9736160039901733,0.22608500719070435,0,0.0025617938954383135,-0.22611530125141144,0.974096953868866,0,0,0.08349200338125229,0,1,0.9993749856948853,0.032807912677526474,-0.013174614869058132,0,-0.028988225385546684,0.9737249612808228,0.22587214410305023,0,0.020238855853676796,-0.22534917294979095,0.9740679264068604,0,0,0.0954200029373169,0,1,0.9983670711517334,0.04729974642395973,0.032017771154642105,0,-0.053911104798316956,0.9655240774154663,0.25467196106910706,0,-0.01886800490319729,-0.25598210096359253,0.966497004032135,0,0,0.10734699666500092,0,1,0.9450572729110718,0.21914780139923096,0.24257218837738037,0,-0.2971874177455902,0.8850680589675903,0.3582373559474945,0,-0.13618597388267517,-0.4106442630290985,0.9015680551528931,0,0,0.03234599903225899,0.012275000102818012,1,0.24131493270397186,0.06553409993648529,-0.9682313203811646,0,0.9402385354042053,-0.2627885639667511,0.21655158698558807,0,-0.24024850130081177,-0.96262526512146,-0.12503251433372498,0,0.04196000099182129,0.09171699732542038,-0.002015999983996153,1,0.6149670481681824,-0.36393117904663086,-0.6995497345924377,0,0.6514678597450256,-0.26536887884140015,0.710753321647644,0,-0.44430357217788696,-0.8928231596946716,0.07389625906944275,0,0,0.08918199688196182,0,1,0.6965867280960083,0.7148443460464478,-0.061351142823696136,0,-0.7169144749641418,0.6968685388565063,-0.020220862701535225,0,0.028298892080783844,0.05806906893849373,0.9979109764099121,0,0,0.20693500339984894,0,1,0.736772894859314,-0.3506411612033844,-0.5781145095825195,0,-0.34801018238067627,0.5364101529121399,-0.7688649892807007,0,0.5797023177146912,0.7676687240600586,0.2731858193874359,0,0,0.23471599817276,0,1,0.998865008354187,-0.030835051089525223,0.03629329800605774,0,0.02932402864098549,0.9987099766731262,0.041454706341028214,0,-0.0375247448682785,-0.040343400090932846,0.9984809160232544,0,0,0.049660999327898026,0,1,0.9995440244674683,0.030185798183083534,-0.0009110310929827392,0,-0.03013920783996582,0.9951870441436768,-0.09324505925178528,0,-0.0019080303609371185,0.0932300016283989,0.9956430196762085,0,0,0.020037999376654625,0,1,0.9571930766105652,-0.2800227403640747,-0.07326694577932358,0,0.28915029764175415,0.9135658740997314,0.2859879732131958,0,-0.013148949481546879,-0.29493099451065063,0.9554280042648315,0,0.00113800005055964,0.0330829992890358,0.004523999989032745,1,-0.09515738487243652,-0.10250579565763474,0.9901701807975769,0,-0.9834222197532654,-0.14455881714820862,-0.10947404056787491,0,0.15435941517353058,-0.9841721653938293,-0.08705069124698639,0,-0.04196000099182129,0.0917150005698204,-0.0020069999154657125,1,0.8538379669189453,0.3642803728580475,0.3718336522579193,0,-0.45143330097198486,0.16254951059818268,0.8773744106292725,0,0.2591688930988312,-0.9169935584068298,0.30323922634124756,0,0,0.08918199688196182,0,1,0.7337509989738464,-0.6759239435195923,0.06881730258464813,0,0.6781402230262756,0.7348137497901917,-0.013191171921789646,0,-0.04165169596672058,0.0563468411564827,0.9975420832633972,0,0,0.2069060057401657,0,1,0.589329719543457,0.6382054090499878,0.4953627586364746,0,0.5254771113395691,0.16292527318000793,-0.8350627422332764,0,-0.6136484146118164,0.7524287104606628,-0.239345520734787,0,0,0.23405499756336212,0,1,0.8074538111686707,-0.03664609417319298,0.5887913107872009,0,-0.03998708352446556,0.992372989654541,0.11660212278366089,0,-0.5885737538337708,-0.1176949143409729,0.7998302578926086,0,0,0.064519003033638,0,1,0.9932910203933716,0.11432881653308868,0.017372937873005867,0,-0.11513227224349976,0.963616132736206,0.2412235587835312,0,0.010837958194315434,-0.24160532653331757,0.9703139662742615,0,0,0.01744600012898445,0,1,0.9984890222549438,0.025579942390322685,0.048641569912433624,0,-0.042327992618083954,0.9224539399147034,0.38378122448921204,0,-0.035052474588155746,-0.38525986671447754,0.9221420288085938,0,0.0033650000113993883,0.025111999362707138,-0.005659000016748905,1,-0.7703719139099121,-0.28476855158805847,0.5704672336578369,0,0.631866455078125,-0.22132273018360138,0.7428058981895447,0,-0.08527050912380219,0.9326968193054199,0.3504367768764496,0,0.0709569975733757,-0.03940900042653084,-0.002124000107869506,1,0.9975559115409851,-0.06805554032325745,0.015830805525183678,0,0.05982469394803047,0.7148391604423523,-0.6967248320579529,0,0.036099519580602646,0.69596928358078,0.7171636819839478,0,0,0.3308440148830414,0,1,0.985660970211029,0.1678786724805832,-0.0169761311262846,0,-0.11228103190660477,0.7276597619056702,0.6766861081123352,0,0.1259540468454361,-0.6650772094726562,0.7360756397247314,0,0,0.29191601276397705,0,1,0.9908810257911682,0.000007186794846347766,0.13473698496818542,0,-0.0829768255352974,0.7879009246826172,0.6101852059364319,0,-0.10615504533052444,-0.6158011555671692,0.7807168960571289,0,0,0.12916600704193115,0,1,-0.7037509679794312,0.4308132231235504,-0.5649200677871704,0,-0.6432548761367798,-0.7239459156990051,0.24924907088279724,0,-0.3015919327735901,0.53879714012146,0.7866007089614868,0,-0.0709569975733757,-0.03940900042653084,-0.002420000033453107,1,0.9934069514274597,-0.11220626533031464,-0.023499026894569397,0,0.09070056676864624,0.8946327567100525,-0.43749967217445374,0,0.07011319696903229,0.43248382210731506,0.8989114761352539,0,0,0.33078300952911377,0,1,0.9944992065429688,-0.10414663702249527,0.011203328147530556,0,0.0426805317401886,0.5005695819854736,0.8646430969238281,0,-0.09565775841474533,-0.8594090342521667,0.5022612810134888,0,0,0.29187700152397156,0,1,0.9877511262893677,0.0005522042629308999,-0.15603534877300262,0,0.11734004318714142,0.6565245389938354,0.7451215386390686,0,0.10285257548093796,-0.7543044090270996,0.6484186053276062,0,0,0.12731100618839264,0,1
K0.100,0.8542753458023071,0.40993839502334595,-0.3196316361427307,0,-0.17401666939258575,-0.35388296842575073,-0.9189589619636536,0,-0.4898286759853363,0.8406651020050049,-0.2309773862361908,0,0.073744997382164,0.25947898626327515,-0.07512599974870682,1,0.982232928276062,-0.14230313897132874,-0.1223481148481369,0,0.1831238567829132,0.5841711163520813,0.7907018661499023,0,-0.041047122329473495,-0.7990579605102539,0.5998509526252747,0,0,0.0709799975156784,-0.009132999926805496,1,0.9993630051612854,0.0323147214949131,-0.015139986760914326,0,-0.028486277908086777,0.9779330492019653,0.20696860551834106,0,0.021494010463356972,-0.20640535652637482,0.9782298803329468,0,0,0.08349200338125229,0,1,0.9989230036735535,0.031693533062934875,-0.03387964516878128,0,-0.024030467495322227,0.9781501293182373,0.2065088301897049,0,0.03968435525894165,-0.2054722160100937,0.9778579473495483,0,0,0.0954200029373169,0,1,0.9984130263328552,0.040856849402189255,0.038750965148210526,0,-0.04939114674925804,0.9658979773521423,0.2541670799255371,0,-0.027045035734772682,-0.2556779086589813,0.9663840532302856,0,0,0.10734699666500092,0,1,0.9362090826034546,0.18020477890968323,0.30172714591026306,0,-0.27928927540779114,0.9026309251785278,0.3274969756603241,0,-0.21333186328411102,-0.39087504148483276,0.8953810334205627,0,0,0.03234599903225899,0.012275000102818012,1,0.3618457615375519,0.01615963503718376,-0.9320980310440063,0,0.8773950934410095,-0.3437829613685608,0.3346496522426605,0,-0.3150317072868347,-0.938910186290741,-0.13857483863830566,0,0.04196000099182129,0.09171699732542038,-0.002015999983996153,1,0.5066530704498291,-0.5934732556343079,-0.6253737211227417,0,0.6763060092926025,-0.1762913465499878,0.7152150869369507,0,-0.5347086191177368,-0.7853092551231384,0.31205078959465027,0,0,0.08918199688196182,0,1,0.33706870675086975,0.9387620687484741,-0.07149121165275574,0,-0.9414799213409424,0.33602234721183777,-0.02655397169291973,0,-0.0009052165551111102,0.07625804841518402,0.9970880746841431,0,0,0.20693500339984894,0,1,0.8782629370689392,-0.33869796991348267,-0.3375472128391266,0,0.126599982380867,0.8454119563102722,-0.5188940763473511,0,0.4611148536205292,0.412992000579834,0.7853731513023376,0,0,0.23471599817276,0,1,0.9984580874443054,-0.04236181080341339,0.03588775917887688,0,0.029587188735604286,0.952947199344635,0.3016906976699829,0,-0.04697924107313156,-0.30016329884529114,0.9527298808097839,0,0,0.049660999327898026,0,1,0.9996650218963623,0.0258749108761549,0.0008938423125073314,0,-0.025838086381554604,0.9992449283599854,-0.029023922979831696,0,-0.0016441575717180967,0.028991082683205605,0.9995779991149902,0,0,0.020037999376654625,0,1,0.9560201168060303,-0.2789076864719391,-0.09075263142585754,0,0.29285234212875366,0.8906059265136719,0.34793397784233093,0,-0.016216635704040527,-0.3592090308666229,0.9331160187721252,0,0.00113800005055964,0.0330829992890358,0.004523999989032745,1,-0.12687471508979797,-0.14028282463550568,0.9819491505622864,0,-0.9734498858451843,-0.17253458499908447,-0.15042507648468018,0,0.19052211940288544,-0.9749630093574524,-0.11466802656650543,0,-0.04196000099182129,0.0917150005698204,-0.0020069999154657125,1,0.903630256652832,0.37416476011276245,0.20845478773117065,0,-0.3283882439136505,0.29276981949806213,0.8980239629745483,0,0.27497974038124084,-0.8799359798431396,0.38742709159851074,0,0,0.08918199688196182,0,1,0.7566698789596558,-0.6502121686935425,0.06837165355682373,0,0.65234375,0.7578161358833313,-0.012689433991909027,0,-0.04356234148144722,0.054203566163778305,0.9975789785385132,0,0,0.2069060057401657,0,1,0.6225188970565796,0.6369199752807617,0.4547550678253174,0,0.5275959968566895,0.08762914687395096,-0.8449629545211792,0,-0.5780240893363953,0.7659329771995544,-0.2814858853816986,0,0,0.23405499756336212,0,1,0.8073791265487671,-0.03480532020330429,0.5890048146247864,0,-0.04004431888461113,0.9927250146865845,0.11355264484882355,0,-0.5886721611022949,-0.1152663603425026,0.8001118898391724,0,0,0.064519003033638,0,1,0.9937109351158142,0.11053110659122467,0.01794787496328354,0,-0.1115378811955452,0.9627930521965027,0.24614766240119934,0,0.009926876984536648,-0.24660135805606842,0.9690659046173096,0,0,0.01744600012898445,0,1,0.9984850287437439,0.026224954053759575,0.048367276787757874,0,-0.04278905317187309,0.9227539896965027,0.38300785422325134,0,-0.034586723893880844,-0.38449710607528687,0.9224779605865479,0,0.0033650000113993883,0.025111999362707138,-0.005659000016748905,1,-0.8590709567070007,-0.27723345160484314,0.43027886748313904,0,0.49930062890052795,-0.26882338523864746,0.8236701488494873,0,-0.11267982423305511,0.9224290251731873,0.369361013174057,0,0.0709569975733757,-0.03940900042653084,-0.002124000107869506,1,0.9992080330848694,0.007738898508250713,0.0390438549220562,0,0.017145903781056404,0.8015561699867249,-0.597673773765564,0,-0.035921137779951096,0.5978692173957825,0.8007878065109253,0,0,0.3308440148830414,0,1,0.9851830005645752,0.17009998857975006,-0.02192389965057373,0,-0.12191601097583771,0.7844821214675903,0.6080498099327087,0,0.12062810361385345,-0.5963671207427979,0.7935959100723267,0,0,0.29191601276397705,0,1,0.9910499453544617,-0.00009181278437608853,0.13349328935146332,0,-0.08103781193494797,0.7942457795143127,0.6021683812141418,0,-0.10608170926570892,-0.6075966358184814,0.7871293425559998,0,0,0.12916600704193115,0,1,-0.7376849055290222,0.4096299409866333,-0.5366790294647217,0,-0.5961880087852478,-0.7682639360427856,0.23309092223644257,0,-0.31683000922203064,0.49190905690193176,0.8109529614448547,0,-0.0709569975733757,-0.03940900042653084,-0.002420000033453107,1,0.9952399730682373,-0.09736035764217377,-0.00431746756657958,0,0.06835765391588211,0.7289721369743347,-0.6811218857765198,0,0.06946153193712234,0.6775841116905212,0.7321569323539734,0,0,0.33078300952911377,0,1,0.9756859540939331,-0.19596107304096222,0.09816387295722961,0,-0.00763310631737113,0.4172297418117523,0.9087691307067871,0,-0.21904009580612183,-0.8874219059944153,0.40558913350105286,0,0,0.29187700152397156,0,1,0.9890390038490295,-0.00013273175864014775,-0.14765271544456482,0,0.10450825840234756,0.7070448994636536,0.6994040608406067,0,0.10430428385734558,-0.7071689963340759,0.6993090510368347,0,0,0.12731100618839264,0,1
K0.133,0.7546203136444092,0.5734663605690002,-0.31887906789779663,0,-0.24565111100673676,-0.203727588057518,-0.9477081298828125,0,-0.6084432005882263,0.7934927940368652,-0.012864302843809128,0,0.08844603598117828,0.26872718334198,-0.11673945933580399,1,0.9850921630859375,-0.1367386430501938,-0.10438856482505798,0,0.16670994460582733,0.6090453267097473,0.7754167318344116,0,-0.04245207831263542,-0.7812595963478088,0.6227615475654602,0,0,0.0709799975156784,-0.009132999926805496,1,0.9989070296287537,0.04120125249028206,-0.022061558440327644,0,-0.03616810590028763,0.9804489612579346,0.19342011213302612,0,0.029599396511912346,-0.19241085648536682,0.9808679223060608,0,0,0.08349200338125229,0,1,0.9982590079307556,0.039447054266929626,-0.04384705424308777,0,-0.030261298641562462,0.9806710481643677,0.19330765306949615,0,0.05062498152256012,-0.1916443407535553,0.9801579117774963,0,0,0.0954200029373169,0,1,0.9987710118293762,0.027726538479328156,0.04106994345784187,0,-0.037170201539993286,0.9672970771789551,0.2509066164493561,0,-0.03277009725570679,-0.2521251440048218,0.9671400189399719,0,0,0.10734699666500092,0,1,0.931310772895813,0.11905757337808609,0.3442167639732361,0,-0.22208355367183685,0.9346804022789001,0.27758100628852844,0,-0.2886846661567688,-0.3349592387676239,0.8969191312789917,0,0,0.03234599903225899,0.012275000102818012,1,0.39443284273147583,-0.014993214048445225,-0.9188025593757629,0,0.8294129371643066,-0.42463287711143494,0.3629879355430603,0,-0.395596444606781,-0.9052416086196899,-0.15505363047122955,0,0.04196000099182129,0.09171699732542038,-0.002015999983996153,1,0.5559317469596863,-0.772783100605011,-0.30617958307266235,0,0.612813413143158,0.132170170545578,0.779096782207489,0,-0.5616047382354736,-0.6207552552223206,0.5470491647720337,0,0,0.08918199688196182,0,1,0.2076464146375656,0.9753136038780212,-0.07514091581106186,0,-0.9781376719474792,0.20612218976020813,-0.02758832834661007,0,-0.011419057846069336,0.07922673970460892,0.9967910647392273,0,0,0.20693500339984894,0,1,0.9716717004776001,-0.13508544862270355,-0.19392123818397522,0,0.17073552310466766,0.9685918092727661,0.180775448679924,0,0.163410484790802,-0.2087637484073639,0.9642176628112793,0,0,0.23471599817276,0,1,0.998420000076294,-0.04352902993559837,0.03552111238241196,0,0.02808806113898754,0.9342849850654602,0.355417937040329,0,-0.04865787550806999,-0.3538588881492615,0.9340320825576782,0,0,0.049660999327898026,0,1,0.9998589754104614,0.01638171635568142,0.0037881925236433744,0,-0.016694050282239914,0.9940658211708069,0.10748966783285141,0,-0.0020048466976732016,-0.10753770917654037,0.9941987991333008,0,0,0.020037999376654625,0,1,0.9537860155105591,-0.2730998694896698,-0.12533631920814514,0,0.2995970845222473,0.8322005271911621,0.46656569838523865,0,-0.023114081472158432,-0.48255428671836853,0.8755612969398499,0,0.00113800005055964,0.0330829992890358,0.004523999989032745,1,-0.09326885640621185,-0.15014928579330444,0.9842541813850403,0,-0.9635079503059387,-0.23551045358181,-0.1272304207086563,0,0.2509055733680725,-0.9602027535438538,-0.12270410358905792,0,-0.04196000099182129,0.0917150005698204,-0.0020069999154657125,1,0.9308680295944214,0.3644852042198181,0.025214048102498055,0,-0.20713791251182556,0.469646155834198,0.858211100101471,0,0.3009633719921112,-0.8041035532951355,0.5126769542694092,0,0,0.08918199688196182,0,1,0.7759729623794556,-0.627091109752655,0.06799629330635071,0,0.6291470527648926,0.7771899700164795,-0.012237987481057644,0,-0.04517171159386635,0.052276019006967545,0.9976109862327576,0,0,0.2069060057401657,0,1,0.6664004325866699,0.630024790763855,0.39872264862060547,0,0.5136009454727173,-0.00023536075605079532,-0.8580290675163269,0,-0.5404857993125916,0.7765754461288452,-0.3237382173538208,0,0,0.23405499756336212,0,1,0.8072768449783325,-0.03225881606340408,0.5892912745475769,0,-0.04010266438126564,0.9931990504264832,0.10930651426315308,0,-0.5888094902038574,-0.11187274008989334,0.8004927635192871,0,0,0.064519003033638,0,1,0.9938750267028809,0.10900908708572388,0.01817215234041214,0,-0.11009933054447174,0.9624530673027039,0.24811778962612152,0,0.009557241573929787,-0.2485986053943634,0.9685591459274292,0,0,0.01744600012898445,0,1,0.9984959959983826,0.018446261063218117,0.05163036286830902,0,-0.03726465627551079,0.9190779328346252,0.3923090696334839,0,-0.040215685963630676,-0.39364302158355713,0.918383002281189,0,0.0033650000113993883,0.025111999362707138,-0.005659000016748905,1,-0.8858889937400818,-0.295587420463562,0.3575330376625061,0,0.43966394662857056,-0.289135217666626,0.8503513932228088,0,-0.14797762036323547,0.910510241985321,0.38610029220581055,0,0.0709569975733757,-0.03940900042653084,-0.002124000107869506,1,0.9991130232810974,0.041922662407159805,0.003942526411265135,0,-0.03493070229887962,0.8774654269218445,-0.4783659875392914,0,-0.023513806983828545,0.47780394554138184,0.8781514167785645,0,0,0.3308440148830414,0,1,0.9934200644493103,0.11186666786670685,-0.02454807609319687,0,-0.08074658364057541,0.8361227512359619,0.5425674319267273,0,0.0812203660607338,-0.537014901638031,0.839653491973877,0,0,0.29191601276397705,0,1,0.9908069968223572,0.000045933647925266996,0.13528086245059967,0,-0.08382412791252136,0.7851026654243469,0.6136674880981445,0,-0.10618118196725845,-0.6193658709526062,0.7778891324996948,0,0,0.12916600704193115,0,1,-0.7860075235366821,0.3387841582298279,-0.517124354839325,0,-0.5381332635879517,-0.7866831421852112,0.3025597035884857,0,-0.30431053042411804,0.5160959362983704,0.8006497621536255,0,-0.0709569975733757,-0.03940900042653084,-0.002420000033453107,1,0.9897232055664062,-0.13933584094047546,-0.032156117260456085,0,0.04141728952527046,0.49454882740974426,-0.868162214756012,0,0.13686886429786682,0.8579082489013672,0.49523720145225525,0,0,0.33078300952911377,0,1,0.9931928515434265,-0.11465960741043091,0.020539119839668274,0,0.015280305407941341,0.30304545164108276,0.952853798866272,0,-0.11547806113958359,-0.946053147315979,0.30273446440696716,0,0,0.29187700152397156,0,1,0.991223931312561,0.00013904643128626049,-0.13218942284584045,0,0.08078695088624954,0.7908811569213867,0.6066137552261353,0,0.10463052242994308,-0.611969530582428,0.7839294672012329,0,0,0.12731100618839264,0,1
