7.467,30,224,33
B0,mixamorig_Hips,-1,0.9893799424171448,0.08126118034124374,0.120517298579216,0,-0.08711977303028107,0.9952189922332764,0.04415876418352127,0,-0.11635269224643707,-0.054189231246709824,0.9917290806770325,0,-0.003246000036597252,0.6973270177841187,0.0018159999744966626,1
B1,mixamorig_Spine,0,0.9913880825042725,-0.12655995786190033,-0.03365309536457062,0,0.1217210665345192,0.9853180646896362,-0.11972171068191528,0,0.04831094667315483,0.11459431052207947,0.9922369718551636,0,0,0.0709799975156784,-0.009132999926805496,1
B2,mixamorig_Spine1,1,0.9995819926261902,0.028131362050771713,-0.006643115077167749,0,-0.028516635298728943,0.9973030686378479,-0.06762188673019409,0,0.004722906276583672,0.06778310239315033,0.9976890087127686,0,0,0.08349200338125229,0,1
B3,mixamorig_Spine2,2,0.999692976474762,-0.024716954678297043,-0.0017102401470765471,0,0.02454306185245514,0.9973739981651306,-0.0681319311261177,0,0.003389765042811632,0.06806907802820206,0.9976749420166016,0,0,0.0954200029373169,0,1
B4,mixamorig_Neck,3,0.9999290108680725,-0.008390863426029682,-0.008445698767900467,0,0.010168204084038734,0.9708999991416931,0.2392689734697342,0,0.006192259024828672,-0.2393379956483841,0.9709169268608093,0,0,0.10734699666500092,0,1
B5,mixamorig_Head,4,0.989112913608551,0.11757912486791611,-0.08849295973777771,0,-0.1282578855752945,0.9836200475692749,-0.12665806710720062,0,0.0721510499715805,0.13662894070148468,0.9879909753799438,0,0,0.03234599903225899,0.012275000102818012,1
B6,mixamorig_HeadTop_End,5,1,0,0,0,0,1,0,0,0,0,1,0,0,0.17927700281143188,0.0680370032787323,1
B7,mixamorig_LeftShoulder,3,0.07136700302362442,0.09984876960515976,-0.9924400448799133,0,0.9093400239944458,-0.4153840243816376,0.023599743843078613,0,-0.4098869860172272,-0.904149055480957,-0.12044115364551544,0,0.04196000099182129,0.09171699732542038,-0.002015999983996153,1
B8,mixamorig_LeftArm,7,0.6214327812194824,0.5999590158462524,-0.5038552284240723,0,0.04691573977470398,0.6134589314460754,0.7883321046829224,0,0.782061755657196,-0.5135343074798584,0.3530760705471039,0,0,0.08918199688196182,0,1
B9,mixamorig_LeftForeArm,8,0.8109651803970337,0.2018958330154419,0.5491567850112915,0,-0.18604019284248352,0.9788469672203064,-0.08513598144054413,0,-0.5547292232513428,-0.03312293812632561,0.8313717842102051,0,0,0.20693500339984894,0,1
B10,mixamorig_LeftHand,9,0.9932589530944824,0.0425478033721447,0.10782136023044586,0,-0.040359172970056534,0.9989339709281921,-0.02240130677819252,0,-0.10865962505340576,0.01789873093366623,0.9939181208610535,0,0,0.23471599817276,0,1
B11,mixamorig_LeftHandIndex1,10,0.9978129863739014,-0.05673709511756897,0.033927079290151596,0,0.047157905995845795,0.9705679416656494,0.236166313290596,0,-0.04632788896560669,-0.2340496927499771,0.9711200594902039,0,0,0.049660999327898026,0,1
B12,mixamorig_LeftHandIndex2,11,0.999983012676239,0.0016790470108389854,0.005641014780849218,0,-0.0033299520146101713,0.9516938924789429,0.30702927708625793,0,-0.004853001330047846,-0.3070427477359772,0.9516830444335938,0,0,0.020037999376654625,0,1
B13,mixamorig_LeftHandIndex3,12,0.9550800323486328,-0.2770910859107971,-0.10508371144533157,0,0.29574206471443176,0.8685319423675537,0.39772918820381165,0,-0.01893865503370762,-0.41094091534614563,0.911465048789978,0,0.00113800005055964,0.0330829992890358,0.004523999989032745,1
B14,mixamorig_LeftHandIndex4,13,1,0,0,0,0,1,0,0,0,0,1,0,-0.004896000027656555,0.018295999616384506,-0.0029619999695569277,1
B15,mixamorig_RightShoulder,3,0.11295018345117569,-0.2733776569366455,0.9552519917488098,0,-0.8809599876403809,-0.47217583656311035,-0.03096335381269455,0,0.4595119059085846,-0.8380419015884399,-0.294167160987854,0,-0.04196000099182129,0.0917150005698204,-0.0020069999154657125,1
B16,mixamorig_RightArm,15,0.8874778747558594,-0.32726913690567017,0.32446709275245667,0,0.048228032886981964,0.7661480903625488,0.6408517956733704,0,-0.4583207964897156,-0.5530932545661926,0.6957228779792786,0,0,0.08918199688196182,0,1
B17,mixamorig_RightForeArm,16,0.9708699584007263,-0.23369735479354858,0.05289166420698166,0,0.23154063522815704,0.9718360900878906,0.043857015669345856,0,-0.06165130063891411,-0.030332891270518303,0.9976369738578796,0,0,0.2069060057401657,0,1
B18,mixamorig_RightHand,17,0.9783179759979248,-0.18407303094863892,-0.09493029862642288,0,0.19297491014003754,0.9765840172767639,0.09510190039873123,0,0.07520169764757156,-0.11135905236005783,0.9909310340881348,0,0,0.23405499756336212,0,1
B19,mixamorig_RightHandIndex1,18,0.810027003288269,-0.1003049835562706,0.5777509212493896,0,-0.03956008702516556,0.9736689925193787,0.22450610995292664,0,-0.5850570797920227,-0.20471185445785522,0.7847299575805664,0,0,0.064519003033638,0,1
B20,mixamorig_RightHandIndex2,19,0.9900140762329102,-0.1403818577528,0.012883840128779411,0,0.11023704707622528,0.827895998954773,0.5499410033226013,0,-0.08786821365356445,-0.5430290102958679,0.8351039886474609,0,0,0.01744600012898445,0,1
B21,mixamorig_RightHandIndex3,20,0.9943669438362122,-0.06751004606485367,0.08171435445547104,0,0.018757151439785957,0.8708390593528748,0.49120986461639404,0,-0.1043216660618782,-0.4869101643562317,0.8671999573707581,0,0.0033650000113993883,0.025111999362707138,-0.005659000016748905,1
B22,mixamorig_RightHandIndex4,21,1,0,0,0,0,1,0,0,0,0,1,0,0.0019099999917671084,0.011371999979019165,-0.008542000316083431,1
B23,mixamorig_LeftUpLeg,0,-0.8342139720916748,0.17316792905330658,0.5235450863838196,0,-0.04621028155088425,-0.9680270552635193,0.2465537041425705,0,0.5495010614395142,0.1814853847026825,0.8155439496040344,0,0.0709569975733757,-0.03940900042653084,-0.002124000107869506,1
B24,mixamorig_LeftLeg,23,0.9759880304336548,-0.02508389763534069,-0.21637468039989471,0,-0.1142001524567604,0.786957859992981,-0.6063461303710938,0,0.18548732995986938,0.616496741771698,0.7651970982551575,0,0,0.3308440148830414,0,1
B25,mixamorig_LeftFoot,24,0.9520589113235474,0.3058062195777893,-0.008165260776877403,0,-0.04797624424099922,0.17561787366867065,0.9832890033721924,0,0.3021297752857208,-0.9357571005821228,0.18186995387077332,0,0,0.29191601276397705,0,1
B26,mixamorig_LeftToeBase,25,0.9899399876594543,-0.0066934069618582726,0.14132793247699738,0,-0.07959442585706711,0.7994857430458069,0.5953882336616516,0,-0.1169748604297638,-0.6006476879119873,0.7909102439880371,0,0,0.12916600704193115,0,1
B27,mixamorig_LeftToe_End,26,1,0,0,0,0,1,0,0,0,0,1,0,0,0.04609899967908859,0,1
B28,mixamorig_RightUpLeg,0,-0.7868991494178772,0.2416791468858719,-0.567786693572998,0,-0.447611004114151,-0.8569220304489136,0.25559690594673157,0,-0.424776166677475,0.4552761912345886,0.7824887633323669,0,-0.0709569975733757,-0.03940900042653084,-0.002420000033453107,1
B29,mixamorig_RightLeg,28,0.982183039188385,-0.16387154161930084,-0.09198880195617676,0,0.08774920552968979,0.8327747583389282,-0.5466132760047913,0,0.16618038713932037,0.5288025736808777,0.8323171734809875,0,0,0.33078300952911377,0,1
B30,mixamorig_RightFoot,29,0.9483979940414429,0.15982675552368164,-0.27385610342025757,0,0.1371108591556549,0.5720407366752625,0.8086841702461243,0,0.2859061360359192,-0.8045029044151306,0.5206081867218018,0,0,0.29187700152397156,0,1
B31,mixamorig_RightToeBase,30,0.9923250079154968,0.0011420578230172396,-0.12365575134754181,0,0.06766919046640396,0.8319408893585205,0.5507221221923828,0,0.10350318253040314,-0.5548628568649292,0.8254780769348145,0,0,0.12731100618839264,0,1
B32,mixamorig_RightToe_End,31,1,0,0,0,0,1,0,0,0,0,1,0,0,0.045586999505758286,0,1
@28,0,1,2,3,4,5,7,8,9,10,11,12,13,15,16,17,18,19,20,21,23,24,25,26,28,29,30,31
K0,0.9893799424171448,0.08126120269298553,0.120517298579216,0,-0.08711979538202286,0.9952189922332764,0.04415876418352127,0,-0.11635269224643707,-0.054189231246709824,0.9917290806770325,0,-0.003246000036597252,0.6973270177841187,0.0018159999744966626,1,0.9913880825042725,-0.12655995786190033,-0.03365307301282883,0,0.1217210590839386,0.9853180646896362,-0.11972170323133469,0,0.04831092432141304,0.11459431052207947,0.9922369718551636,0,0,0.0709799975156784,-0.009132999926805496,1,0.9995819926261902,0.02813136577606201,-0.006643104832619429,0,-0.028516637161374092,0.9973030686378479,-0.06762188673019409,0,0.0047228955663740635,0.06778310239315033,0.9976890087127686,0,0,0.08349200338125229,0,1,0.999692976474762,-0.024716945365071297,-0.0017102379351854324,0,0.024543052539229393,0.9973739981651306,-0.06813192367553711,0,0.0033897620160132647,0.06806907057762146,0.9976750016212463,0,0,0.0954200029373169,0,1,0.9999290108680725,-0.008390827104449272,-0.00844571553170681,0,0.010168173350393772,0.9708999991416931,0.23926898837089539,0,0.006192284170538187,-0.2393380105495453,0.9709169268608093,0,0,0.10734699666500092,0,1,0.989112913608551,0.11757912486791611,-0.08849294483661652,0,-0.1282578855752945,0.9836200475692749,-0.12665806710720062,0,0.07215103507041931,0.13662894070148468,0.9879909753799438,0,0,0.03234599903225899,0.012275000102818012,1,0.07136703282594681,0.09984869509935379,-0.9924399852752686,0,0.9093400835990906,-0.41538357734680176,0.02359975129365921,0,-0.4098866879940033,-0.9041491150856018,-0.12044094502925873,0,0.04196000099182129,0.09171699732542038,-0.002015999983996153,1,0.6214328408241272,0.5999588370323181,-0.5038554072380066,0,0.04691579192876816,0.6134591698646545,0.788331925868988,0,0.7820616960525513,-0.5135343074798584,0.3530762195587158,0,0,0.08918199688196182,0,1,0.8109652400016785,0.2018958032131195,0.5491567254066467,0,-0.18604017794132233,0.9788469672203064,-0.08513594418764114,0,-0.554729163646698,-0.033122945576906204,0.8313718438148499,0,0,0.20693500339984894,0,1,0.9932589530944824,0.042547814548015594,0.10782136768102646,0,-0.04035918414592743,0.9989339709281921,-0.022401288151741028,0,-0.10865963250398636,0.017898710444569588,0.9939181208610535,0,0,0.23471599817276,0,1,0.9978129863739014,-0.05673709511756897,0.03392709791660309,0,0.047157902270555496,0.9705679416656494,0.2361663281917572,0,-0.04632790759205818,-0.2340496927499771,0.9711200594902039,0,0,0.049660999327898026,0,1,0.999983012676239,0.0016790487570688128,0.005641006398946047,0,-0.0033299510832875967,0.9516938924789429,0.30702927708625793,0,-0.004852992948144674,-0.3070427477359772,0.9516830444335938,0,0,0.020037999376654625,0,1,0.9550800323486328,-0.27709102630615234,-0.10508366674184799,0,0.2957419753074646,0.8685319423675537,0.39772915840148926,0,-0.018938666209578514,-0.41094088554382324,0.911465048789978,0,0.00113800005055964,0.0330829992890358,0.004523999989032745,1,0.11294993758201599,-0.27337759733200073,0.9552521109580994,0,-0.88096022605896,-0.4721755087375641,-0.03096337430179119,0,0.45951154828071594,-0.838042140007019,-0.29416707158088684,0,-0.04196000099182129,0.0917150005698204,-0.0020069999154657125,1,0.8874778747558594,-0.327269047498703,0.32446718215942383,0,0.04822792485356331,0.7661481499671936,0.6408516764640808,0,-0.4583207964897156,-0.5530932545661926,0.6957229375839233,0,0,0.08918199688196182,0,1,0.9708699584007263,-0.23369736969470978,0.052891671657562256,0,0.23154063522815704,0.9718360900878906,0.043857064098119736,0,-0.0616513229906559,-0.030332937836647034,0.9976369738578796,0,0,0.2069060057401657,0,1,0.9783179759979248,-0.18407303094863892,-0.09493030607700348,0,0.19297492504119873,0.9765840172767639,0.09510192275047302,0,0.07520170509815216,-0.11135908216238022,0.9909310340881348,0,0,0.23405499756336212,0,1,0.810027003288269,-0.10030504316091537,0.5777508616447449,0,-0.03956004977226257,0.9736689925193787,0.22450615465641022,0,-0.5850570797920227,-0.20471186935901642,0.7847299575805664,0,0,0.064519003033638,0,1,0.9900140762329102,-0.14038190245628357,0.012883798219263554,0,0.11023711413145065,0.8278959393501282,0.5499410033226013,0,-0.08786820620298386,-0.5430290102958679,0.8351039886474609,0,0,0.01744600012898445,0,1,0.9943669438362122,-0.06750994920730591,0.08171437680721283,0,0.018757056444883347,0.8708390593528748,0.49120986461639404,0,-0.10432162880897522,-0.4869101643562317,0.8671999573707581,0,0.0033650000113993883,0.025111999362707138,-0.005659000016748905,1,-0.8342139720916748,0.17316779494285583,0.5235450267791748,0,-0.04621019586920738,-0.9680269956588745,0.24655361473560333,0,0.5495009422302246,0.1814853698015213,0.8155440092086792,0,0.0709569975733757,-0.03940900042653084,-0.002124000107869506,1,0.9759880304336548,-0.025084029883146286,-0.21637463569641113,0,-0.11420003324747086,0.786957859992981,-0.6063461899757385,0,0.18548737466335297,0.6164968013763428,0.7651970982551575,0,0,0.3308440148830414,0,1,0.9520589709281921,0.3058059811592102,-0.008165464736521244,0,-0.04797607660293579,0.17561808228492737,0.9832890033721924,0,0.3021295964717865,-0.9357571601867676,0.18187010288238525,0,0,0.29191601276397705,0,1,0.9899399280548096,-0.006693451665341854,0.14132805168628693,0,-0.0795944556593895,0.7994857430458069,0.5953882336616516,0,-0.11697497963905334,-0.6006476879119873,0.7909102439880371,0,0,0.12916600704193115,0,1,-0.7868990898132324,0.2416790872812271,-0.5677867531776428,0,-0.4476109445095062,-0.8569220900535583,0.2555968761444092,0,-0.42477622628211975,0.45527616143226624,0.7824887633323669,0,-0.0709569975733757,-0.03940900042653084,-0.002420000033453107,1,0.982183039188385,-0.1638716459274292,-0.09198866039514542,0,0.08774935454130173,0.8327747583389282,-0.546613335609436,0,0.1661803275346756,0.5288026332855225,0.8323171734809875,0,0,0.33078300952911377,0,1,0.9483980536460876,0.15982675552368164,-0.27385595440864563,0,0.13711075484752655,0.5720407366752625,0.8086841702461243,0,0.285906046628952,-0.8045028448104858,0.5206081867218018,0,0,0.29187700152397156,0,1,0.9923250079154968,0.0011421383824199438,-0.1236557587981224,0,0.06766913086175919,0.8319408893585205,0.5507221221923828,0,0.10350323468446732,-0.5548627972602844,0.8254780769348145,0,0,0.12731100618839264,0,1
K0.033,0.990801990032196,0.0747431293129921,0.11280101537704468,0,-0.07979357242584229,0.9959700703620911,0.040936801582574844,0,-0.10928679257631302,-0.04956110939383507,0.9927740693092346,0,0.0003870314685627818,0.6959589719772339,0.0011479835957288742,1,0.9909129738807678,-0.1302432417869568,-0.033589091151952744,0,0.12555775046348572,0.9852501153945923,-0.11626893281936646,0,0.048236895352602005,0.11099500209093094,0.992650032043457,0,0,0.0709799975156784,-0.009132999926805496,1,0.9996270537376404,0.026586182415485382,-0.006260165944695473,0,-0.026921790093183517,0.997736930847168,-0.0616171769797802,0,0.004607830662280321,0.061762694269418716,0.9980800747871399,0,0,0.08349200338125229,0,1,0.9996880888938904,-0.024920251220464706,-0.001730049028992653,0,0.024764753878116608,0.9977620244026184,-0.062109049409627914,0,0.0032739504240453243,0.0620468333363533,0.9980679750442505,0,0,0.0954200029373169,0,1,0.9999690055847168,-0.003095802152529359,-0.007214266341179609,0,0.004727091174572706,0.9711340665817261,0.23848658800125122,0,0.0062677147798240185,-0.23851338028907776,0.9711189270019531,0,0,0.10734699666500092,0,1,0.9875540137290955,0.12854717671871185,-0.09062495827674866,0,-0.13819706439971924,0.9843029975891113,-0.109767846763134,0,0.07509206235408783,0.12092576175928116,0.9898170232772827,0,0,0.03234599903225899,0.012275000102818012,1,0.09934695810079575,0.0850512757897377,-0.9914109706878662,0,0.8985751271247864,-0.4356466233730316,0.05267072468996048,0,-0.427425354719162,-0.8960901498794556,-0.11970506608486176,0,0.04196000099182129,0.09171699732542038,-0.002015999983996153,1,0.6219929456710815,0.5804550647735596,-0.5255439877510071,0,0.03788074105978012,0.6480816006660461,0.7606285214424133,0,0.7821061611175537,-0.4930136203765869,0.38111412525177,0,0,0.08918199688196182,0,1,0.833505392074585,0.18919174373149872,0.5191094279289246,0,-0.1784660965204239,0.9813730716705322,-0.07111258804798126,0,-0.5228939056396484,-0.033370718359947205,0.8517440557479858,0,0,0.20693500339984894,0,1,0.9936400055885315,0.031179016456007957,0.10819775611162186,0,-0.030527980998158455,0.999504029750824,-0.007668633479624987,0,-0.10838328301906586,0.004316806793212891,0.9940999150276184,0,0,0.23471599817276,0,1,0.9977970123291016,-0.056515734642744064,0.034731071442365646,0,0.03965318202972412,0.9279013872146606,0.3707112967967987,0,-0.05317803472280502,-0.3685174882411957,0.9280983805656433,0,0,0.049660999327898026,0,1,0.9999380111694336,-0.0099512729793787,0.004974725656211376,0,0.006595951039344072,0.890353262424469,0.45522239804267883,0,-0.008959310129284859,-0.45516160130500793,0.8903641700744629,0,0,0.020037999376654625,0,1,0.9536999464035034,-0.27276989817619324,-0.1266993284225464,0,0.2998470664024353,0.8295344710350037,0.47113198041915894,0,-0.023409152403473854,-0.48730865120887756,0.8729156255722046,0,0.00113800005055964,0.0330829992890358,0.004523999989032745,1,0.14773935079574585,-0.2505449950695038,0.95676589012146,0,-0.871035635471344,-0.4911845028400421,0.005876409821212292,0,0.4684761166572571,-0.834244966506958,-0.29080072045326233,0,-0.04196000099182129,0.0917150005698204,-0.0020069999154657125,1,0.8792898058891296,-0.32770317792892456,0.3456302285194397,0,0.04611117020249367,0.7808380722999573,0.6230300664901733,0,-0.47405001521110535,-0.5318863391876221,0.7016934156417847,0,0,0.08918199688196182,0,1,0.9724130034446716,-0.22562702000141144,0.05920806899666786,0,0.22252371907234192,0.9733920097351074,0.05469820275902748,0,-0.06997402012348175,-0.040014028549194336,0.9967459440231323,0,0,0.2069060057401657,0,1,0.9796680808067322,-0.17663294076919556,-0.09514197707176208,0,0.18535707890987396,0.9783250093460083,0.0923251360654831,0,0.07677203416824341,-0.10808312892913818,0.9911730289459229,0,0,0.23405499756336212,0,1,0.8135461211204529,-0.1872117966413498,0.550540566444397,0,-0.028535787016153336,0.9327645301818848,0.3593553304672241,0,-0.5808000564575195,-0.3080621361732483,0.7535044550895691,0,0,0.064519003033638,0,1,0.9722268581390381,-0.233760803937912,-0.01148197427392006,0,0.18456889688968658,0.7356207966804504,0.6517630815505981,0,-0.14391030371189117,-0.6357808113098145,0.7583352327346802,0,0,0.01744600012898445,0,1,0.987998902797699,-0.12153750658035278,0.09532015025615692,0,0.04950635880231857,0.8337448835372925,0.549926221370697,0,-0.14630942046642303,-0.5386078357696533,0.8297563195228577,0,0.0033650000113993883,0.025111999362707138,-0.005659000016748905,1,-0.835390031337738,0.17221102118492126,0.5219829678535461,0,-0.04258877784013748,-0.9670769572257996,0.25089529156684875,0,0.5480049252510071,0.18736489117145538,0.8152210712432861,0,0.0709569975733757,-0.03940900042653084,-0.002124000107869506,1,0.975377082824707,-0.02758919820189476,-0.21881069242954254,0,-0.11693716794252396,0.7765016555786133,-0.6191693544387817,0,0.18698929250240326,0.6295109391212463,0.7541559934616089,0,0,0.3308440148830414,0,1,0.9496530294418335,0.31327417492866516,-0.004383516497910023,0,-0.05043494328856468,0.16666632890701294,0.9847228527069092,0,0.30921855568885803,-0.9349231123924255,0.17407499253749847,0,0,0.29191601276397705,0,1,0.9899400472640991,-0.006694713607430458,0.14132991433143616,0,-0.07959470897912979,0.7994848489761353,0.5953893065452576,0,-0.11697708070278168,-0.6006487011909485,0.7909091711044312,0,0,0.12916600704193115,0,1,-0.7906719446182251,0.24580183625221252,-0.5607311129570007,0,-0.4452360272407532,-0.8595010638237,0.251044899225235,0,-0.42024174332618713,0.4481518864631653,0.7890232801437378,0,-0.0709569975733757,-0.03940900042653084,-0.002420000033453107,1,0.9799320101737976,-0.17058905959129333,-0.10311837494373322,0,0.08737194538116455,0.8325563073158264,-0.5470065474510193,0,0.1791650950908661,0.5270193219184875,0.8307527899742126,0,0,0.33078300952911377,0,1,0.9474091529846191,0.16560955345630646,-0.27384278178215027,0,0.1319894790649414,0.5773177742958069,0.8057812452316284,0,0.2915393114089966,-0.7995486855506897,0.5250973105430603,0,0,0.29187700152397156,0,1,0.9923229813575745,0.0011396880727261305,-0.12367098778486252,0,0.06769268959760666,0.8318709135055542,0.5508251786231995,0,0.10350602120161057,-0.5549678802490234,0.825407087802887,0,0,0.12731100618839264,0,1
K0.067,0.9929289817810059,0.060467105358839035,0.10215204954147339,0,-0.06461519747972488,0.9971939325332642,0.03779536113142967,0,-0.09958014637231827,-0.04412873461842537,0.9940509796142578,0,0.00353096891194582,0.6953330039978027,-0.0004929837305098772,1,0.9908989667892456,-0.13052314519882202,-0.032904002815485,0,0.12606185674667358,0.985550045967102,-0.1131327822804451,0,0.047195013612508774,0.10795527696609497,0.9930350184440613,0,0,0.0709799975156784,-0.009132999926805496,1,0.9996619820594788,0.02531300112605095,-0.005930123385041952,0,-0.025604024529457092,0.9981229901313782,-0.055628031492233276,0,0.004510880913585424,0.055761076509952545,0.9984339475631714,0,0,0.08349200338125229,0,1,0.9996849894523621,-0.02502109669148922,-0.0017622598679736257,0,0.02488289773464203,0.9981150031089783,-0.05610482767224312,0,0.0031627414282411337,0.056043289601802826,0.9984229803085327,0,0,0.0954200029373169,0,1,0.9999819993972778,0.002138559240847826,-0.0055761681869626045,0,-0.0007583342958241701,0.9715989232063293,0.23663227260112762,0,0.005923850927501917,-0.23662377893924713,0.9715830683708191,0,0,0.10734699666500092,0,1,0.9858539700508118,0.14123006165027618,-0.09025101363658905,0,-0.14925070106983185,0.9847559928894043,-0.0893314927816391,0,0.07625898718833923,0.10153791308403015,0.9919050335884094,0,0,0.03234599903225899,0.012275000102818012,1,0.13188575208187103,0.06662493944168091,-0.989022970199585,0,0.8887921571731567,-0.44973963499069214,0.08822354674339294,0,-0.4389248788356781,-0.8906710743904114,-0.11852990090847015,0,0.04196000099182129,0.09171699732542038,-0.002015999983996153,1,0.61204993724823,0.5751202702522278,-0.5427997708320618,0,0.004401521757245064,0.6838886737823486,0.7295732498168945,0,0.7908070087432861,-0.4489244520664215,0.41604262590408325,0,0,0.08918199688196182,0,1,0.855418860912323,0.18020503222942352,0.4855771064758301,0,-0.17362715303897858,0.9830449819564819,-0.058951910585165024,0,-0.48796752095222473,-0.03388078510761261,0.8722037076950073,0,0,0.20693500339984894,0,1,0.9935149550437927,0.026593003422021866,0.11054615676403046,0,-0.03449200838804245,0.9969391226768494,0.07016726583242416,0,-0.10834182798862457,-0.07352519035339355,0.991391122341156,0,0,0.23471599817276,0,1,0.9976860284805298,-0.057070065289735794,0.03696296736598015,0,0.030669016763567924,0.8628835678100586,0.5044717788696289,0,-0.06068494915962219,-0.5021706223487854,0.8626368045806885,0,0,0.049660999327898026,0,1,0.999756932258606,-0.021929027512669563,0.0022701025009155273,0,0.016205765306949615,0.8008079528808594,0.5987017154693604,0,-0.014946868643164635,-0.5985196232795715,0.8009690046310425,0,0,0.020037999376654625,0,1,0.9523260593414307,-0.2662201523780823,-0.14900147914886475,0,0.3037468492984772,0.7817516922950745,0.5446121692657471,0,-0.028504615649580956,-0.5639073848724365,0.8253464102745056,0,0.00113800005055964,0.0330829992890358,0.004523999989032745,1,0.18732382357120514,-0.2242191582918167,0.9563660621643066,0,-0.8582430481910706,-0.5109648108482361,0.04830917343497276,0,0.47783777117729187,-0.8298442363739014,-0.28815048933029175,0,-0.04196000099182129,0.0917150005698204,-0.0020069999154657125,1,0.867323100566864,-0.34349682927131653,0.3602239489555359,0,0.0692548081278801,0.7999500632286072,0.5960569977760315,0,-0.4929047226905823,-0.4920266270637512,0.7176038026809692,0,0,0.08918199688196182,0,1,0.9751009345054626,-0.21265316009521484,0.06290122121572495,0,0.20850911736488342,0.975758969783783,0.0664660856127739,0,-0.07551068812608719,-0.05169568955898285,0.9958040714263916,0,0,0.2069060057401657,0,1,0.9796329736709595,-0.17592312395572662,-0.09679599106311798,0,0.18577687442302704,0.9770220518112183,0.10447099804878235,0,0.07619299739599228,-0.12032576650381088,0.989806056022644,0,0,0.23405499756336212,0,1,0.8170022964477539,-0.2732057273387909,0.5078052282333374,0,-0.0160826463252306,0.869496762752533,0.4936755895614624,0,-0.5764102935791016,-0.41150110960006714,0.705987274646759,0,0,0.064519003033638,0,1,0.9441813230514526,-0.3256261348724365,-0.0498993806540966,0,0.25242435932159424,0.6178053617477417,0.7447139620780945,0,-0.21167010068893433,-0.7157403826713562,0.6655158996582031,0,0,0.01744600012898445,0,1,0.9781871438026428,-0.1789434403181076,0.10549455136060715,0,0.07857272773981094,0.7888585329055786,0.6095312237739563,0,-0.19229188561439514,-0.5879465937614441,0.7857113480567932,0,0.0033650000113993883,0.025111999362707138,-0.005659000016748905,1,-0.8393610119819641,0.16340330243110657,0.5184328556060791,0,-0.03008290007710457,-0.9662498831748962,0.2558441758155823,0,0.5427412390708923,0.19914959371089935,0.815947949886322,0,0.0709569975733757,-0.03940900042653084,-0.002124000107869506,1,0.9747279286384583,-0.031687282025814056,-0.22113707661628723,0,-0.11839531362056732,0.7661609649658203,-0.6316480040550232,0,0.18944187462329865,0.6418667435646057,0.7430471181869507,0,0,0.3308440148830414,0,1,0.9471698999404907,0.32073038816452026,-0.0011056688381358981,0,-0.05310549959540367,0.16022717952728271,0.9856510758399963,0,0.3163052797317505,-0.9335199594497681,0.16879484057426453,0,0,0.29191601276397705,0,1,0.9899410605430603,-0.006690897047519684,0.14132390916347504,0,-0.07959389686584473,0.7994860410690308,0.595387876033783,0,-0.11697009950876236,-0.6006470322608948,0.7909109592437744,0,0,0.12916600704193115,0,1,-0.7988319993019104,0.2456286996603012,-0.5491209626197815,0,-0.43311038613319397,-0.8683456182479858,0.24164409935474396,0,-0.41747215390205383,0.4308631122112274,0.8000468015670776,0,-0.0709569975733757,-0.03940900042653084,-0.002420000033453107,1,0.9761369228363037,-0.1764991730451584,-0.12650592625141144,0,0.08167780935764313,0.8382017612457275,-0.5392094850540161,0,0.20120760798454285,0.5160098075866699,0.8326161503791809,0,0,0.33078300952911377,0,1,0.9476799964904785,0.16639481484889984,-0.2724240720272064,0,0.1271238774061203,0.5860950350761414,0.8002080321311951,0,0.29281696677207947,-0.7929730415344238,0.5342779159545898,0,0,0.29187700152397156,0,1,0.9923189282417297,0.0011350755812600255,-0.1236981675028801,0,0.06773508340120316,0.8317452073097229,0.5510097742080688,0,0.10351081937551498,-0.5551562905311584,0.8252797722816467,0,0,0.12731100618839264,0,1
K0.100,0.9956439733505249,0.036624833941459656,0.08574192225933075,0,-0.04007817059755325,0.9984390139579773,0.038906559348106384,0,-0.08418307453393936,-0.04217343404889107,0.9955569505691528,0,0.006130000110715628,0.695497989654541,-0.0035659996792674065,1,0.9914069771766663,-0.12700121104717255,-0.031345952302217484,0,0.12285278737545013,0.9862669706344604,-0.11038120090961456,0,0.04493405297398567,0.10558181256055832,0.9933950304985046,0,0,0.0709799975156784,-0.009132999926805496,1,0.9996910095214844,0.02422904223203659,-0.0055975401774048805,0,-0.024474959820508957,0.9984940886497498,-0.04910010099411011,0,0.004399459343403578,0.04922190308570862,0.9987779855728149,0,0,0.08349200338125229,0,1,0.9996899962425232,-0.024843258783221245,-0.0017967529129236937,0,0.02472374029457569,0.9984650015830994,-0.04956091195344925,0,0.003025247249752283,0.04950109124183655,0.9987689256668091,0,0,0.0954200029373169,0,1,0.9999709725379944,0.006696717813611031,-0.0037000346928834915,0,-0.00565628195181489,0.9727280139923096,0.23188088834285736,0,0.005151964724063873,-0.23185308277606964,0.9727369546890259,0,0,0.10734699666500092,0,1,0.9839609861373901,0.15571996569633484,-0.08702010661363602,0,-0.1616860181093216,0.9846130013465881,-0.06629319489002228,0,0.07535790652036667,0.07929980754852295,0.9939979910850525,0,0,0.03234599903225899,0.012275000102818012,1,0.1698632687330246,0.04521661996841431,-0.9844299554824829,0,0.8785421848297119,-0.4594953954219818,0.1304868459701538,0,-0.44644084572792053,-0.8870280385017395,-0.11777597665786743,0,0.04196000099182129,0.09171699732542038,-0.002015999983996153,1,0.590684175491333,0.5840896368026733,-0.5567150712013245,0,-0.06262629479169846,0.7210448384284973,0.6900520920753479,0,0.8044688701629639,-0.372737854719162,0.46248918771743774,0,0,0.08918199688196182,0,1,0.8722339868545532,0.18007422983646393,0.4547329843044281,0,-0.17727580666542053,0.982930064201355,-0.04920333996415138,0,-0.4558310806751251,-0.03769633546471596,0.8892679810523987,0,0,0.20693500339984894,0,1,0.9931950569152832,0.02740360051393509,0.11319097131490707,0,-0.043848391622304916,0.9883919954299927,0.14545777440071106,0,-0.1078910231590271,-0.1494312286376953,0.982867956161499,0,0,0.23471599817276,0,1,0.997439980506897,-0.058920908719301224,0.04051607474684715,0,0.020147092640399933,0.7752151489257812,0.631375789642334,0,-0.06860991567373276,-0.6289432644844055,0.7744178175926208,0,0,0.049660999327898026,0,1,0.9994289875030518,-0.03369095176458359,-0.002627991372719407,0,0.0249620471149683,0.6835910081863403,0.7294389605522156,0,-0.022778993472456932,-0.7290871739387512,0.6840408444404602,0,0,0.020037999376654625,0,1,0.9510000944137573,-0.25731489062309265,-0.17142857611179352,0,0.30729708075523376,0.7253338694572449,0.616002082824707,0,-0.03416358307003975,-0.6384978890419006,0.7688651084899902,0,0.00113800005055964,0.0330829992890358,0.004523999989032745,1,0.2312658280134201,-0.19408096373081207,0.9533360600471497,0,-0.8404029607772827,-0.5335258841514587,0.09525420516729355,0,0.4901420474052429,-0.8232148289680481,-0.2864922881126404,0,-0.04196000099182129,0.0917150005698204,-0.0020069999154657125,1,0.8520610332489014,-0.37490275502204895,0.36529484391212463,0,0.12459821254014969,0.8230758309364319,0.5540952086448669,0,-0.508397102355957,-0.42660781741142273,0.7480229735374451,0,0,0.08918199688196182,0,1,0.9774520397186279,-0.20252375304698944,0.05975530669093132,0,0.19778327643871307,0.9772329330444336,0.0768001526594162,0,-0.0739487037062645,-0.0632498562335968,0.9952540397644043,0,0,0.2069060057401657,0,1,0.979727029800415,-0.17499183118343353,-0.09753298759460449,0,0.1853211373090744,0.976565957069397,0.10943025350570679,0,0.0760980099439621,-0.1252867430448532,0.9891980886459351,0,0,0.23405499756336212,0,1,0.8202148675918579,-0.3539932370185852,0.4493729770183563,0,-0.0023062285035848618,0.7834888696670532,0.6214022040367126,0,-0.5720510482788086,-0.510719895362854,0.6418130397796631,0,0,0.064519003033638,0,1,0.9058390855789185,-0.41105279326438904,-0.10242103785276413,0,0.3093952536582947,0.4768122136592865,0.8227538466453552,0,-0.28936001658439636,-0.776972234249115,0.5590936541557312,0,0,0.01744600012898445,0,1,0.9647240042686462,-0.23851194977760315,0.11143893003463745,0,0.10485205799341202,0.7363882064819336,0.668384850025177,0,-0.2414800524711609,-0.6331222653388977,0.7354198098182678,0,0.0033650000113993883,0.025111999362707138,-0.005659000016748905,1,-0.8465109467506409,0.14783063530921936,0.5114352107048035,0,-0.006752370856702328,-0.9635768532752991,0.2673461139202118,0,0.5323287844657898,0.22285789251327515,0.8166761994361877,0,0.0709569975733757,-0.03940900042653084,-0.002124000107869506,1,0.9736088514328003,-0.03840287774801254,-0.2249683141708374,0,-0.11917588114738464,0.755118191242218,-0.6446658968925476,0,0.19463466107845306,0.6544630527496338,0.7306129336357117,0,0,0.3308440148830414,0,1,0.9443939328193665,0.32881104946136475,0.0015937360003590584,0,-0.05634389445185661,0.15704897046089172,0.9859820008277893,0,0.3239516615867615,-0.931245744228363,0.16684269905090332,0,0,0.29191601276397705,0,1,0.9899410009384155,-0.006689655128866434,0.14132201671600342,0,-0.07959365844726562,0.7994859218597412,0.5953871011734009,0,-0.11696798354387283,-0.6006469130516052,0.7909120321273804,0,0,0.12916600704193115,0,1,-0.8116430640220642,0.23736679553985596,-0.5337531566619873,0,-0.40935420989990234,-0.8829579949378967,0.22981524467468262,0,-0.4167307913303375,0.4050217866897583,0.8138131499290466,0,-0.0709569975733757,-0.03940900042653084,-0.002420000033453107,1,0.9698501229286194,-0.17970307171344757,-0.1646156907081604,0,0.06910891085863113,0.8505469560623169,-0.5213391780853271,0,0.23369932174682617,0.4942438304424286,0.8373210430145264,0,0,0.33078300952911377,0,1,0.9491250514984131,0.16049279272556305,-0.27093103528022766,0,0.12445978820323944,0.5991319417953491,0.7909181118011475,0,0.28925999999046326,-0.7843999266624451,0.5486760139465332,0,0,0.29187700152397156,0,1,0.9923120737075806,0.0011268288362771273,-0.12375690788030624,0,0.0678248330950737,0.8314749598503113,0.55140620470047,0,0.10352210700511932,-0.555560827255249,0.8250061273574829,0,0,0.12731100618839264,0,1
K0.133,0.9981390833854675,0.0015533561818301678,0.06096658110618591,0,-0.004530732985585928,0.9988020062446594,0.04872843995690346,0,-0.06081783026456833,-0.04891396686434746,0.9969500303268433,0,0.008281019516289234,0.6961550116539001,-0.008630077354609966,1,0.9925320744514465,-0.11827991157770157,-0.029848884791135788,0,0.11448980122804642,0.9876710772514343,-0.10676585137844086,0,0.04210909083485603,0.10255103558301926,0.993835985660553,0,0,0.0709799975156784,-0.009132999926805496,1,0.9997100234031677,0.023486874997615814,-0.005283268168568611,0,-0.0236901193857193,0.9988189935684204,-0.04241950064897537,0,0.004280728287994862,0.04253236949443817,0.9990860223770142,0,0,0.08349200338125229,0,1,0.9997029900550842,-0.02430684305727482,-0.0018291163723915815,0,0.024206137284636497,0.998786985874176,-0.042867932468652725,0,0.00286888238042593,0.04281093180179596,0.9990789890289307,0,0,0.0954200029373169,0,1,0.999949038028717,0.009926870465278625,-0.001754955155774951,0,-0.009286154061555862,0.9748070240020752,0.22285610437393188,0,0.003923008684068918,-0.22282858192920685,0.9748501181602478,0,0,0.10734699666500092,0,1,0.9819020628929138,0.1713390350341797,-0.08069669455289841,0,-0.17514130473136902,0.9836209416389465,-0.04261577129364014,0,0.07207314670085907,0.05597778409719467,0.9958270192146301,0,0,0.03234599903225899,0.012275000102818012,1,0.21388393640518188,0.022033510729670525,-0.9766111373901367,0,0.8672630190849304,-0.46438008546829224,0.1794590950012207,0,-0.4495646059513092,-0.8853622078895569,-0.11843238025903702,0,0.04196000099182129,0.09171699732542038,-0.002015999983996153,1,0.5616427063941956,0.6035510897636414,-0.5659362077713013,0,-0.17100079357624054,0.7539184093475342,0.6343240141868591,0,0.8095158338546753,-0.25948768854141235,0.5266399383544922,0,0,0.08918199688196182,0,1,0.8808809518814087,0.19763830304145813,0.43010205030441284,0,-0.19828251004219055,0.9791638255119324,-0.04384307935833931,0,-0.42980554699897766,-0.04666118696331978,0.9017151594161987,0,0,0.20693500339984894,0,1,0.9933838844299316,0.024292156100273132,0.11224424839019775,0,-0.040724460035562515,0.9883701801300049,0.14651423692703247,0,-0.10737970471382141,-0.150115966796875,0.9828202128410339,0,0,0.23471599817276,0,1,0.9970329403877258,-0.06246628239750862,0.044975392520427704,0,0.008339648135006428,0.6685278415679932,0.7436409592628479,0,-0.07651974260807037,-0.7410590052604675,0.6670648455619812,0,0,0.049660999327898026,0,1,0.9989650249481201,-0.044461075216531754,-0.009546102024614811,0,0.03224308788776398,0.5444917678833008,0.8381457924842834,0,-0.03206712380051613,-0.8375869989395142,0.5453623533248901,0,0,0.020037999376654625,0,1,0.9497811198234558,-0.24627986550331116,-0.19303098320960999,0,0.31032299995422363,0.6621283292770386,0.6821186542510986,0,-0.04018083214759827,-0.707765519618988,0.705303430557251,0,0.00113800005055964,0.0330829992890358,0.004523999989032745,1,0.27762219309806824,-0.16086174547672272,0.9471269249916077,0,-0.8188328742980957,-0.5552292466163635,0.14571547508239746,0,0.5024328827857971,-0.815993070602417,-0.28586313128471375,0,-0.04196000099182129,0.0917150005698204,-0.0020069999154657125,1,0.835236132144928,-0.42180943489074707,0.3527851700782776,0,0.21842852234840393,0.843265175819397,0.49111413955688477,0,-0.5046478509902954,-0.3331378400325775,0.7964605093002319,0,0,0.08918199688196182,0,1,0.9782480001449585,-0.20131589472293854,0.05002716928720474,0,0.19684024155139923,0.9769689440727234,0.08237102627754211,0,-0.06545758247375488,-0.07073193043470383,0.9953449964523315,0,0,0.2069060057401657,0,1,0.9817430973052979,-0.16492359340190887,-0.09476765990257263,0,0.17279699444770813,0.9815460443496704,0.08190721273422241,0,0.07951036095619202,-0.09678737819194794,0.992124080657959,0,0,0.23405499756336212,0,1,0.8229641318321228,-0.4242396056652069,0.3778241276741028,0,0.012341247871518135,0.6782676577568054,0.7347111701965332,0,-0.5679590702056885,-0.5999776721000671,0.5634252429008484,0,0,0.064519003033638,0,1,0.8590146899223328,-0.4840973913669586,-0.1665622889995575,0,0.35108959674835205,0.32026249170303345,0.8798683285713196,0,-0.37259846925735474,-0.8142983317375183,0.4450719356536865,0,0,0.01744600012898445,0,1,0.9479479193687439,-0.297842413187027,0.11262558400630951,0,0.12704136967658997,0.6780804395675659,0.7239254713058472,0,-0.291984885931015,-0.6719355583190918,0.6806232333183289,0,0.0033650000113993883,0.025111999362707138,-0.005659000016748905,1,-0.8568212985992432,0.12765279412269592,0.49956080317497253,0,0.02871345356106758,-0.9555520415306091,0.29342007637023926,0,0.5148128271102905,0.26575300097465515,0.815072774887085,0,0.0709569975733757,-0.03940900042653084,-0.002124000107869506,1,0.9716289639472961,-0.04818934574723244,-0.23154710233211517,0,-0.12069626897573471,0.7409108877182007,-0.6606690883636475,0,0.20339307188987732,0.6698723435401917,0.7140745520591736,0,0,0.3308440148830414,0,1,0.9410940408706665,0.3381209373474121,0.0039571658708155155,0,-0.06045420467853546,0.1567254364490509,0.9857900738716125,0,0.33269622921943665,-0.9279608726501465,0.16793429851531982,0,0,0.29191601276397705,0,1,0.9899409413337708,-0.0066920979879796505,0.14132541418075562,0,-0.07959309965372086,0.7994900941848755,0.5953828692436218,0,-0.11697258055210114,-0.6006420850753784,0.7909149527549744,0,0,0.12916600704193115,0,1,-0.82942134141922,0.2168489247560501,-0.5148165225982666,0,-0.3724452257156372,-0.9015253782272339,0.22030995786190033,0,-0.41634631156921387,0.3744708299636841,0.8285089135169983,0,-0.0709569975733757,-0.03940900042653084,-0.002420000033453107,1,0.9591848850250244,-0.17833177745342255,-0.2194586992263794,0,0.04882092401385307,0.8688563704490662,-0.4926503598690033,0,0.2785334885120392,0.46182894706726074,0.8421008586883545,0,0,0.33078300952911377,0,1,0.9515179991722107,0.1466829627752304,-0.2703670263290405,0,0.12579822540283203,0.6165304780006409,0.7772166728973389,0,0.28069379925727844,-0.7735469341278076,0.5681870579719543,0,0,0.29187700152397156,0,1,0.9922990202903748,0.0011110592167824507,-0.1238570362329483,0,0.06798005849123001,0.8310111165046692,0.5520868897438049,0,0.10353996604681015,-0.5562551021575928,0.8245359063148499,0,0,0.12731100618839264,0,1
