5.000,30,149,33
B0,mixamorig_Hips,-1,0.9717654585838318,0.043710362166166306,-0.23186539113521576,0,0.1492566168308258,0.6472116112709045,0.747555673122406,0,0.18274183571338654,-0.7610559463500977,0.6224135756492615,0,0.0004325235786382109,0.7867401838302612,-0.0210983008146286,1
B1,mixamorig_Spine,0,0.9998799562454224,-0.0015911762602627277,0.01542881689965725,0,0.004297550767660141,0.9842005968093872,-0.177006334066391,0,-0.01490339171141386,0.17705124616622925,0.9840885400772095,0,0,0.0709799975156784,-0.009132999926805496,1
B2,mixamorig_Spine1,1,0.9995570778846741,-0.018446389585733414,0.023337164893746376,0,0.020757894963026047,0.994460940361023,-0.10303249955177307,0,-0.021307334303855896,0.10347137600183487,0.994404137134552,0,0,0.08349200338125229,0,1
B3,mixamorig_Spine2,2,0.9995460510253906,-0.018388014286756516,0.023880839347839355,0,0.02075204998254776,0.994481086730957,-0.1028480976819992,0,-0.021857844665646553,0.10329687595367432,0.9944101572036743,0,0,0.0954200029373169,0,1
B4,mixamorig_Neck,3,0.9855435490608215,0.14065150916576385,0.09444887191057205,0,-0.1289609670639038,0.9843388199806213,-0.12019295990467072,0,-0.10987501591444016,0.10627517104148865,0.9882473349571228,0,0,0.10734699666500092,0,1
B5,mixamorig_Head,4,0.9439034461975098,0.19526290893554688,0.26630645990371704,0,-0.2422725409269333,0.9574750065803528,0.15667110681533813,0,-0.22438965737819672,-0.21240106225013733,0.9510704874992371,0,0,0.03234599903225899,0.012275000102818012,1
B6,mixamorig_HeadTop_End,5,1,0,0,0,0,1,0,0,0,0,1,0,0,0.17927700281143188,0.0680370032787323,1
B7,mixamorig_LeftShoulder,3,0.38477155566215515,0.07456286996603012,-0.9199957251548767,0,0.9130651354789734,-0.17668041586875916,0.36755356192588806,0,-0.1351393461227417,-0.9814398288726807,-0.13606227934360504,0,0.04196000099182129,0.09171699732542038,-0.002015999983996153,1
B8,mixamorig_LeftArm,7,0.9906116724014282,0.041290558874607086,0.13031937181949615,0,-0.12310363352298737,0.6839635968208313,0.7190539240837097,0,-0.059443578124046326,-0.7283462882041931,0.6826255917549133,0,0,0.08918199688196182,0,1
B9,mixamorig_LeftForeArm,8,0.9035817980766296,0.42508918046951294,-0.053285807371139526,0,-0.4262652099132538,0.9045118093490601,-0.012523558922111988,0,0.04287400469183922,0.034029942005872726,0.9985010027885437,0,0,0.20693500339984894,0,1
B10,mixamorig_LeftHand,9,0.9702273011207581,0.12765900790691376,0.20582176744937897,0,-0.06712309271097183,0.9582517743110657,-0.2779337763786316,0,-0.23270992934703827,0.2558436393737793,0.9382913112640381,0,0,0.23471599817276,0,1
B11,mixamorig_LeftHandIndex1,10,0.9553864598274231,0.29524779319763184,-0.008154031820595264,0,-0.2932278513908386,0.9448155760765076,-0.14608819782733917,0,-0.03542812541127205,0.14196152985095978,0.989237904548645,0,0,0.049660999327898026,0,1
B12,mixamorig_LeftHandIndex2,11,0.9996869564056396,0.025000421330332756,0.0004957819473929703,0,-0.024958886206150055,0.9988419413566589,-0.04113789647817612,0,-0.0015236720209941268,0.04111262783408165,0.9991529583930969,0,0,0.020037999376654625,0,1
B13,mixamorig_LeftHandIndex3,12,0.9589573740959167,-0.278584748506546,-0.05283790081739426,0,0.28338250517845154,0.935174822807312,0.21246707439422607,0,-0.009777403436601162,-0.21872013807296753,0.9757385849952698,0,0.00113800005055964,0.0330829992890358,0.004523999989032745,1
B14,mixamorig_LeftHandIndex4,13,1,0,0,0,0,1,0,0,0,0,1,0,-0.004896000027656555,0.018295999616384506,-0.0029619999695569277,1
B15,mixamorig_RightShoulder,3,-0.18986913561820984,0.048608195036649704,0.9806056022644043,0,-0.9706211090087891,-0.15964405238628387,-0.18002235889434814,0,0.14779728651046753,-0.9859774708747864,0.07749157398939133,0,-0.04196000099182129,0.0917150005698204,-0.0020069999154657125,1
B16,mixamorig_RightArm,15,0.23410408198833466,0.02391859143972397,-0.9719170331954956,0,-0.24530524015426636,0.9688048362731934,-0.03524427488446236,0,0.9407551288604736,0.24666722118854523,0.23266857862472534,0,0,0.08918199688196182,0,1
B17,mixamorig_RightForeArm,16,0.5202683806419373,-0.8512510061264038,0.06851223111152649,0,0.8537830710411072,0.5202770233154297,-0.0191203560680151,0,-0.019369104877114296,0.06844225525856018,0.9974668025970459,0,0,0.2069060057401657,0,1
B18,mixamorig_RightHand,17,0.7269680500030518,-0.22285820543766022,-0.64950031042099,0,-0.06832978874444962,0.9176961183547974,-0.39136189222335815,0,0.6832627654075623,0.3288881182670593,0.6519085168838501,0,0,0.23405499756336212,0,1
B19,mixamorig_RightHandIndex1,18,0.753972589969635,-0.30269744992256165,0.5830093622207642,0,0.35135018825531006,0.935715913772583,0.03144108131527901,0,-0.5550482273101807,0.18113471567630768,0.8118568658828735,0,0,0.064519003033638,0,1
B20,mixamorig_RightHandIndex2,19,0.9995155334472656,-0.01567552424967289,0.02690170891582966,0,0.0029529870953410864,0.9078502058982849,0.41928455233573914,0,-0.030995206907391548,-0.4190016984939575,0.9074560403823853,0,0,0.01744600012898445,0,1
B21,mixamorig_RightHandIndex3,20,0.9971151947975159,0.07112827152013779,0.026514742523431778,0,-0.07587958127260208,0.9437451958656311,0.3218482732772827,0,-0.0021306483540683985,-0.3229318857192993,0.9464201927185059,0,0.0033650000113993883,0.025111999362707138,-0.005659000016748905,1
B22,mixamorig_RightHandIndex4,21,1,0,0,0,0,1,0,0,0,0,1,0,0.0019099999917671084,0.011371999979019165,-0.008542000316083431,1
B23,mixamorig_LeftUpLeg,0,-0.8113119006156921,-0.36899882555007935,0.45344603061676025,0,0.4915527403354645,-0.8504371047019958,0.1874363273382187,0,0.3164636790752411,0.37496212124824524,0.8713524341583252,0,0.0709569975733757,-0.03940900042653084,-0.002124000107869506,1
B24,mixamorig_LeftLeg,23,0.9915075898170471,0.039735689759254456,0.12382625043392181,0,0.10839856415987015,0.27350759506225586,-0.9557425379753113,0,-0.07184452563524246,0.9610488414764404,0.2668776512145996,0,0,0.3308440148830414,0,1
B25,mixamorig_LeftFoot,24,0.9936318397521973,-0.11214598268270493,0.010941248387098312,0,0.09171029180288315,0.8613215684890747,0.4997130036354065,0,-0.06546477973461151,-0.4955276846885681,0.8661220669746399,0,0,0.29191601276397705,0,1
B26,mixamorig_LeftToeBase,25,0.9891698360443115,0.00028722858405672014,0.14677511155605316,0,-0.10170724242925644,0.7223312854766846,0.6840277910232544,0,-0.10582377016544342,-0.691547691822052,0.7145374417304993,0,0,0.12916600704193115,0,1
B27,mixamorig_LeftToe_End,26,1,0,0,0,0,1,0,0,0,0,1,0,0,0.04609899967908859,0,1
B28,mixamorig_RightUpLeg,0,-0.7965484857559204,0.4160362780094147,-0.4386618137359619,0,-0.5164515972137451,-0.8454548716545105,0.13595625758171082,0,-0.31430602073669434,0.33484330773353577,0.8883084654808044,0,-0.0709569975733757,-0.03940900042653084,-0.002420000033453107,1
B29,mixamorig_RightLeg,28,0.9878402948379517,-0.005320741329342127,-0.15538246929645538,0,-0.09402379393577576,0.7754984498023987,-0.6243093013763428,0,0.12382056564092636,0.6313270926475525,0.7655678391456604,0,0,0.33078300952911377,0,1
B30,mixamorig_RightFoot,29,0.952842116355896,0.29751119017601013,-0.05983257666230202,0,-0.23816776275634766,0.8553167581558228,0.46011751890182495,0,0.1880660206079483,-0.4241693913936615,0.8858398199081421,0,0,0.29187700152397156,0,1
B31,mixamorig_RightToeBase,30,0.9910176992416382,0.000023312024495680816,-0.1337275356054306,0,0.08314980566501617,0.7830801010131836,0.6163367033004761,0,0.10473387688398361,-0.6219208836555481,0.7760453820228577,0,0,0.12731100618839264,0,1
B32,mixamorig_RightToe_End,31,1,0,0,0,0,1,0,0,0,0,1,0,0,0.045586999505758286,0,1
@28,0,1,2,3,4,5,7,8,9,10,11,12,13,15,16,17,18,19,20,21,23,24,25,26,28,29,30,31
K0,0.9743660688400269,0.026387959718704224,-0.22341373562812805,0,0.15349994599819183,0.6480217576026917,0.7459931373596191,0,0.16446228325366974,-0.7611647844314575,0.6273601651191711,0,0.0009399999980814755,0.7845889925956726,-0.023114999756217003,1,0.9998930096626282,0.005688142962753773,0.013456104323267937,0,-0.0031968564726412296,0.9839559197425842,-0.17838503420352936,0,-0.014254895970225334,0.17832297086715698,0.9838690161705017,0,0,0.0709799975156784,-0.009132999926805496,1,0.9996769428253174,-0.017430219799280167,0.018467990681529045,0,0.019266782328486443,0.9943440556526184,-0.10444694012403488,0,-0.016543008387088776,0.10476905852556229,0.9943589568138123,0,0,0.08349200338125229,0,1,0.9996820092201233,-0.017370088025927544,0.018264900892972946,0,0.01918591372668743,0.9943440556526184,-0.10446090251207352,0,-0.016347097232937813,0.10477809607982635,0.9943609833717346,0,0,0.0954200029373169,0,1,0.9944939017295837,0.07447943091392517,0.0737203061580658,0,-0.06743855774402618,0.993306040763855,-0.0937819629907608,0,-0.08021168410778046,0.08829403668642044,0.9928600192070007,0,0,0.10734699666500092,0,1,0.9429931044578552,0.21397773921489716,0.2549069821834564,0,-0.2584342658519745,0.9533938765525818,0.1557299941778183,0,-0.20970401167869568,-0.21272900700569153,0.9543430209159851,0,0,0.03234599903225899,0.012275000102818012,1,0.3400278091430664,0.07332676649093628,-0.9375520944595337,0,0.9221841096878052,-0.2213560938835144,0.31714174151420593,0,-0.1842777580022812,-0.9724320769309998,-0.1428879350423813,0,0.04196000099182129,0.09171699732542038,-0.002015999983996153,1,0.9928569793701172,-0.0625508651137352,0.10159523785114288,0,-0.04055286571383476,0.6239098906517029,0.7804431319236755,0,-0.11220376193523407,-0.7789890170097351,0.6169171333312988,0,0,0.08918199688196182,0,1,0.9359840154647827,0.34806516766548157,-0.05277577042579651,0,-0.3490367829799652,0.9370540380477905,-0.010174835100769997,0,0.0459122397005558,0.027944164350628853,0.9985550045967102,0,0,0.20693500339984894,0,1,0.9101659655570984,0.28089603781700134,0.3044590651988983,0,-0.15914897620677948,0.9156829118728638,-0.3690471351146698,0,-0.38245195150375366,0.28743988275527954,0.8781280517578125,0,0,0.23471599817276,0,1,0.9556839466094971,0.294389009475708,-0.001935214619152248,0,-0.2922719120979309,0.9479820132255554,-0.12612491846084595,0,-0.035295214504003525,0.12110107392072678,0.9920120239257812,0,0,0.049660999327898026,0,1,0.999580979347229,0.028929894790053368,-0.0007523538661189377,0,-0.02888510189950466,0.9957630038261414,-0.08729789406061172,0,-0.0017763538053259254,0.08728308975696564,0.9961819648742676,0,0,0.020037999376654625,0,1,0.9594429135322571,-0.2778892517089844,-0.0473945178091526,0,0.2817597985267639,0.9399701952934265,0.19252978265285492,0,-0.008952518925070763,-0.19807523488998413,0.9801459312438965,0,0.00113800005055964,0.0330829992890358,0.004523999989032745,1,-0.14492350816726685,0.04365087300539017,0.9884790778160095,0,-0.9845029711723328,-0.10606279969215393,-0.1396569013595581,0,0.09874483197927475,-0.9934009313583374,0.058345500379800797,0,-0.04196000099182129,0.0917150005698204,-0.0020069999154657125,1,0.33950552344322205,-0.06053008511662483,-0.9386541843414307,0,-0.13558408617973328,0.9843559265136719,-0.11251715570688248,0,0.9307809472084045,0.16546683013439178,0.3259875178337097,0,0,0.08918199688196182,0,1,0.569520115852356,-0.8191828727722168,0.06772186607122421,0,0.8216371536254883,0.5697188377380371,-0.018235616385936737,0,-0.023644134402275085,0.06602837890386581,0.9975379109382629,0,0,0.2069060057401657,0,1,0.7493188977241516,-0.17665816843509674,-0.6382109522819519,0,-0.09330518543720245,0.9259799122810364,-0.3658621907234192,0,0.6556029915809631,0.33369582891464233,0.677371084690094,0,0,0.23405499756336212,0,1,0.7544578313827515,-0.3223431408405304,0.5717421174049377,0,0.3498988449573517,0.9345190525054932,0.06515506654977798,0,-0.5553058385848999,0.15089507400989532,0.8178421258926392,0,0,0.064519003033638,0,1,0.9993879795074463,-0.022577708587050438,0.026712335646152496,0,0.008967290632426739,0.9036130905151367,0.42825573682785034,0,-0.03380666300654411,-0.427754282951355,0.9032629132270813,0,0,0.01744600012898445,0,1,0.9972969889640808,0.06783778220415115,0.0282265767455101,0,-0.07334022223949432,0.9424070119857788,0.32632994651794434,0,-0.004463425371795893,-0.3275180757045746,0.9448350071907043,0,0.0033650000113993883,0.025111999362707138,-0.005659000016748905,1,-0.8022050261497498,-0.3575167655944824,0.47817111015319824,0,0.525651216506958,-0.8027060031890869,0.2816966474056244,0,0.2831198573112488,0.4773302972316742,0.8318648934364319,0,0.0709569975733757,-0.03940900042653084,-0.002124000107869506,1,0.996059000492096,0.021614065393805504,0.08601438254117966,0,0.08338406682014465,0.10214892029762268,-0.99126797914505,0,-0.030211620032787323,0.9945340156555176,0.09994412958621979,0,0,0.3308440148830414,0,1,0.9904310703277588,-0.1369350254535675,0.017193404957652092,0,0.11068498343229294,0.8625572323799133,0.4937037229537964,0,-0.08243560791015625,-0.4870763123035431,0.869459867477417,0,0,0.29191601276397705,0,1,0.9891510009765625,0.00028364869649522007,0.14689984917640686,0,-0.1019013375043869,0.7216099500656128,0.6847598552703857,0,-0.10581013560295105,-0.6923000812530518,0.7138099670410156,0,0,0.12916600704193115,0,1,-0.7907149195671082,0.42870306968688965,-0.43701717257499695,0,-0.501616895198822,-0.8629301190376282,0.06108501926064491,0,-0.35092782974243164,0.26751595735549927,0.8973760604858398,0,-0.0709569975733757,-0.03940900042653084,-0.002420000033453107,1,0.9878799915313721,-0.0005186116904951632,-0.15522189438343048,0,-0.08751460909843445,0.8240458965301514,-0.5597231388092041,0,0.12820008397102356,0.5665227770805359,0.8140120506286621,0,0,0.33078300952911377,0,1,0.966126024723053,0.25307798385620117,-0.05052012950181961,0,-0.21504101157188416,0.8976920247077942,0.3845868408679962,0,0.14268185198307037,-0.36069512367248535,0.9217050075531006,0,0,0.29187700152397156,0,1,0.9910920262336731,0.00006196858157636598,-0.1331799030303955,0,0.08230897039175034,0.7858701944351196,0.612888753414154,0,0.10470013320446014,-0.618391215801239,0.778864860534668,0,0,0.12731100618839264,0,1
K0.034,0.975212812423706,0.015937207266688347,-0.22069208323955536,0,0.15839944779872894,0.6461299061775208,0.7466089129447937,0,0.1544947326183319,-0.7630606889724731,0.6275902390480042,0,0.001113951439037919,0.783761739730835,-0.024129880592226982,1,0.9998800754547119,0.009566666558384895,0.012199080549180508,0,-0.007217716425657272,0.9836730360984802,-0.17981861531734467,0,-0.013720173388719559,0.17970901727676392,0.983624279499054,0,0,0.0709799975156784,-0.009132999926805496,1,0.9997463822364807,-0.016497638076543808,0.01535137090831995,0,0.018047340214252472,0.994096040725708,-0.10699552297592163,0,-0.013495560735464096,0.10724541544914246,0.9941414594650269,0,0,0.08349200338125229,0,1,0.9997543692588806,-0.016427895054221153,0.014867285266518593,0,0.017926963046193123,0.9940910935401917,-0.1070629358291626,0,-0.013020616956055164,0.10730316489934921,0.9941414594650269,0,0,0.0954200029373169,0,1,0.997093915939331,0.044687267392873764,0.06170112267136574,0,-0.03980366140604019,0.9961404204368591,-0.07822882384061813,0,-0.06495880335569382,0.0755455493927002,0.9950241446495056,0,0,0.10734699666500092,0,1,0.9452285766601562,0.21884286403656006,0.2421771138906479,0,-0.2598203122615814,0.9535530805587769,0.1524145007133484,0,-0.1975739747285843,-0.20698915421962738,0.9581857919692993,0,0,0.03234599903225899,0.012275000102818012,1,0.32298412919044495,0.07095234096050262,-0.9437412023544312,0,0.9256181120872498,-0.2315267026424408,0.2993750274181366,0,-0.1972600221633911,-0.9702375531196594,-0.1404542177915573,0,0.04196000099182129,0.09171699732542038,-0.002015999983996153,1,0.9877632856369019,-0.11796209216117859,0.10202622413635254,0,-0.009515555575489998,0.6073700785636902,0.7943620681762695,0,-0.15567225217819214,-0.7856124043464661,0.5988152623176575,0,0,0.08918199688196182,0,1,0.9546828866004944,0.29295164346694946,-0.05253694951534271,0,-0.2937743663787842,0.9558364748954773,-0.008517843671143055,0,0.04772144928574562,0.0235658660531044,0.9985831379890442,0,0,0.20693500339984894,0,1,0.8684242367744446,0.353162944316864,0.34801626205444336,0,-0.18091760575771332,0.8792064785957336,-0.44075503945350647,0,-0.461636483669281,0.31980007886886597,0.8274176120758057,0,0,0.23471599817276,0,1,0.9558183550834656,0.2939583957195282,0.0008673113188706338,0,-0.2918393015861511,0.949273407459259,-0.11708772927522659,0,-0.0352422297000885,0.11166147142648697,0.9931214451789856,0,0,0.049660999327898026,0,1,0.9995046854019165,0.031431373208761215,-0.0016529422719031572,0,-0.031408894807100296,0.9926387071609497,-0.1169692724943161,0,-0.002035729819908738,0.1169632226228714,0.9931339621543884,0,0,0.020037999376654625,0,1,0.9598947763442993,-0.27714231610298157,-0.0423663929104805,0,0.28024113178253174,0.9440324306488037,0.17397427558898926,0,-0.008220373652875423,-0.17886969447135925,0.9838379621505737,0,0.00113800005055964,0.0330829992890358,0.004523999989032745,1,-0.11854396760463715,0.03733344376087189,0.9922464489936829,0,-0.9903074502944946,-0.0772882029414177,-0.11540431529283524,0,0.07238046824932098,-0.996309220790863,0.046133603900671005,0,-0.04196000099182129,0.0917150005698204,-0.0020069999154657125,1,0.38022851943969727,-0.09465805441141129,-0.9200361967086792,0,-0.08258932828903198,0.9873000979423523,-0.13571065664291382,0,0.9211980104446411,0.1275862455368042,0.36758193373680115,0,0,0.08918199688196182,0,1,0.5891008377075195,-0.8052427768707275,0.06741372495889664,0,0.8076622486114502,0.5893756151199341,-0.017860881984233856,0,-0.02534964308142662,0.06496933847665787,0.9975650906562805,0,0,0.2069060057401657,0,1,0.7594900727272034,-0.16064871847629547,-0.6303699612617493,0,-0.10331910848617554,0.9269378781318665,-0.3607107400894165,0,0.6422612071037292,0.33908531069755554,0.6874017119407654,0,0,0.23405499756336212,0,1,0.7546693086624146,-0.3304339051246643,0.5668219923973083,0,0.3492918312549591,0.9336573481559753,0.07923516631126404,0,-0.5553998947143555,0.13819004595279694,0.8200210332870483,0,0,0.064519003033638,0,1,0.9993611574172974,-0.023776059970259666,0.026672301813960075,0,0.01000894047319889,0.9028640985488892,0.4298093616962433,0,-0.034300658851861954,-0.4292680621147156,0.9025258421897888,0,0,0.01744600012898445,0,1,0.9973278045654297,0.0672655925154686,0.028521893545985222,0,-0.0729001984000206,0.9421705603599548,0.32710760831832886,0,-0.004869401454925537,-0.32831281423568726,0.9445567727088928,0,0.0033650000113993883,0.025111999362707138,-0.005659000016748905,1,-0.7925321459770203,-0.3549518883228302,0.4958840310573578,0,0.5476895570755005,-0.771902859210968,0.32280370593070984,0,0.26819467544555664,0.5274231433868408,0.8061618208885193,0,0.0709569975733757,-0.03940900042653084,-0.002124000107869506,1,0.997735321521759,0.0017001115484163165,0.06723957508802414,0,0.06718181818723679,0.023332146927714348,-0.9974682927131653,0,-0.003264649538323283,0.9997259378433228,0.023165076971054077,0,0,0.3308440148830414,0,1,0.9890655875205994,-0.14631055295467377,0.01852731965482235,0,0.1187649667263031,0.8646652698516846,0.4881065785884857,0,-0.08743509650230408,-0.48056915402412415,0.8725874423980713,0,0,0.29191601276397705,0,1,0.9891332387924194,0.0002799468347802758,0.14702308177947998,0,-0.10209249705076218,0.7208985686302185,0.6854792237281799,0,-0.10579684376716614,-0.6930402517318726,0.7130934000015259,0,0,0.12916600704193115,0,1,-0.7885781526565552,0.4350106120109558,-0.4346385598182678,0,-0.49225127696990967,-0.870169997215271,0.022191796451807022,0,-0.3685559630393982,0.23145148158073425,0.9003320932388306,0,-0.0709569975733757,-0.03940900042653084,-0.002420000033453107,1,0.9861648082733154,0.005445762537419796,-0.16567620635032654,0,-0.09132921695709229,0.851935088634491,-0.515621542930603,0,0.13833750784397125,0.5236192941665649,0.8406463265419006,0,0,0.33078300952911377,0,1,0.9696481823921204,0.23981638252735138,-0.04764358326792717,0,-0.20711500942707062,0.9091891050338745,0.36121904850006104,0,0.12994331121444702,-0.340387761592865,0.9312633275985718,0,0,0.29187700152397156,0,1,0.9911391139030457,0.00008803627861198038,-0.13282787799835205,0,0.08176802098751068,0.7876592874526978,0.6106612086296082,0,0.10467681288719177,-0.6161109805107117,0.7806723117828369,0,0,0.12731100618839264,0,1
K0.067,0.9761694073677063,0.005541373509913683,-0.21693871915340424,0,0.16239182651042938,0.6444722414016724,0.7471842169761658,0,0.14395137131214142,-0.7646072506904602,0.6282140612602234,0,0.0009523472981527448,0.782975435256958,-0.025004955008625984,1,0.9998794198036194,0.01144610345363617,0.010448575951159,0,-0.00937226228415966,0.983522891998291,-0.18053874373435974,0,-0.012342886999249458,0.1804191619157791,0.9835121631622314,0,0,0.0709799975156784,-0.009132999926805496,1,0.9997953176498413,-0.016642097383737564,0.011524656787514687,0,0.01779314875602722,0.9939604997634888,-0.10828263312578201,0,-0.009653005748987198,0.10846555978059769,0.9940534830093384,0,0,0.08349200338125229,0,1,0.9998032450675964,-0.0165720172226429,0.01088978536427021,0,0.017655348405241966,0.9939545392990112,-0.1083623617887497,0,-0.00902816653251648,0.10853329300880432,0.9940513968467712,0,0,0.0954200029373169,0,1,0.9982309341430664,0.028078921139240265,0.05240602418780327,0,-0.024575699120759964,0.997494637966156,-0.06633496284484863,0,-0.05413733422756195,0.06492968648672104,0.9964197874069214,0,0,0.10734699666500092,0,1,0.9498243927955627,0.21765930950641632,0.22462783753871918,0,-0.25444939732551575,0.9553486108779907,0.15021158754825592,0,-0.1819031834602356,-0.1998312920331955,0.9627979397773743,0,0,0.03234599903225899,0.012275000102818012,1,0.30565401911735535,0.067128986120224,-0.9497733116149902,0,0.9302941560745239,-0.23352213203907013,0.2828802466392517,0,-0.20280352234840393,-0.9700318574905396,-0.13382670283317566,0,0.04196000099182129,0.09171699732542038,-0.002015999983996153,1,0.977868914604187,-0.1822822093963623,0.10268751531839371,0,0.02907833456993103,0.604469895362854,0.7960978150367737,0,-0.20718592405319214,-0.7754930853843689,0.5963926315307617,0,0,0.08918199688196182,0,1,0.9663612246513367,0.25178930163383484,-0.05242295563220978,0,-0.25249969959259033,0.9675694108009338,-0.007292226888239384,0,0.048886727541685104,0.02028370089828968,0.9985979795455933,0,0,0.20693500339984894,0,1,0.817242443561554,0.4023706316947937,0.41256797313690186,0,-0.16266773641109467,0.8478487730026245,-0.5046694278717041,0,-0.5528596043586731,0.34532591700553894,0.7583509683609009,0,0,0.23471599817276,0,1,0.9557070136070251,0.29431700706481934,-0.0014566065510734916,0,-0.2921978235244751,0.9482089877128601,-0.12458279728889465,0,-0.03528566285967827,0.11949024349451065,0.9922084808349609,0,0,0.049660999327898026,0,1,0.9994630217552185,0.0326969288289547,-0.0021413080394268036,0,-0.03269322216510773,0.9907002449035645,-0.13207462430000305,0,-0.0021970397792756557,0.13207371532917023,0.9912373423576355,0,0,0.020037999376654625,0,1,0.9603173732757568,-0.2763535678386688,-0.03767668455839157,0,0.27880752086639404,0.9475014805793762,0.15655039250850677,0,-0.0075645348988473415,-0.16084247827529907,0.9869508147239685,0,0.00113800005055964,0.0330829992890358,0.004523999989032745,1,-0.09204073250293732,0.0281516183167696,0.9953572154045105,0,-0.9942030906677246,-0.0583876371383667,-0.0902826115489006,0,0.055574931204319,-0.9978969693183899,0.033362437039613724,0,-0.04196000099182129,0.0917150005698204,-0.0020069999154657125,1,0.41956406831741333,-0.1265822798013687,-0.8988563418388367,0,-0.03529438376426697,0.9872056245803833,-0.1554986983537674,0,0.90703946352005,0.09696625918149948,0.40972837805747986,0,0,0.08918199688196182,0,1,0.6064757704734802,-0.7922620177268982,0.06714453548192978,0,0.7946476340293884,0.6068174839019775,-0.01751650683581829,0,-0.026866821572184563,0.06397958844900131,0.9975892901420593,0,0,0.2069060057401657,0,1,0.7681829929351807,-0.15063688158988953,-0.6222569346427917,0,-0.11311842501163483,0.9247015118598938,-0.3634990453720093,0,0.6301581263542175,0.3496223986148834,0.6932999491691589,0,0,0.23405499756336212,0,1,0.7548279166221619,-0.33631813526153564,0.5631384253501892,0,0.348848432302475,0.9328911304473877,0.0895475521683693,0,-0.5554633140563965,0.12885695695877075,0.8214962482452393,0,0,0.064519003033638,0,1,0.9993890523910522,-0.022541768848896027,0.026713687926530838,0,0.008935993537306786,0.9036361575126648,0.4282083511352539,0,-0.033792030066251755,-0.42770808935165405,0.903285562992096,0,0,0.01744600012898445,0,1,0.9972957372665405,0.06785627454519272,0.028217287734150887,0,-0.07335449755191803,0.942413330078125,0.32630598545074463,0,-0.004450446926057339,-0.32749372720718384,0.9448432922363281,0,0.0033650000113993883,0.025111999362707138,-0.005659000016748905,1,-0.7831487059593201,-0.3537757992744446,0.5113909244537354,0,0.5686375498771667,-0.740252673625946,0.35871630907058716,0,0.2516532242298126,0.571723997592926,0.7808977961540222,0,0.0709569975733757,-0.03940900042653084,-0.002124000107869506,1,0.9982587099075317,-0.02687259204685688,0.05250939726829529,0,0.05131253972649574,-0.043442703783512115,-0.9977377653121948,0,0.029092937707901,0.9986943006515503,-0.04198813438415527,0,0,0.3308440148830414,0,1,0.9876050353050232,-0.1556406170129776,0.0202876478433609,0,0.12585629522800446,0.8625020384788513,0.49015262722969055,0,-0.09378590434789658,-0.48152443766593933,0.8714006543159485,0,0,0.29191601276397705,0,1,0.989185631275177,0.00028964466764591634,0.14666932821273804,0,-0.10154236108064651,0.722940981388092,0.6834070682525635,0,-0.10583530366420746,-0.6909095048904419,0.7151521444320679,0,0,0.12916600704193115,0,1,-0.7850612998008728,0.4414025545120239,-0.4345598816871643,0,-0.48354923725128174,-0.8751821517944336,-0.015399215742945671,0,-0.3871164619922638,0.1980418562889099,0.9005118012428284,0,-0.0709569975733757,-0.03940900042653084,-0.002420000033453107,1,0.9852015972137451,0.017982279881834984,-0.17045091092586517,0,-0.0984499603509903,0.8734311461448669,-0.4768926203250885,0,0.14030148088932037,0.4866160750389099,0.8622758984565735,0,0,0.33078300952911377,0,1,0.9699585437774658,0.2384546846151352,-0.048166707158088684,0,-0.20901444554328918,0.9181824922561646,0.3365309536457062,0,0.12447322905063629,-0.31635358929634094,0.9404395818710327,0,0,0.29187700152397156,0,1,0.9911642670631409,0.00010323487367713824,-0.1326436847448349,0,0.0814845860004425,0.7885890603065491,0.609497606754303,0,0.10466420650482178,-0.6149201989173889,0.7816122770309448,0,0,0.12731100618839264,0,1
K0.101,0.9773389101028442,-0.004669815767556429,-0.21163006126880646,0,0.1648726612329483,0.6438236832618713,0.7471997737884521,0,0.13276313245296478,-0.7651593089103699,0.6300036907196045,0,0.00044846319360658526,0.7821833491325378,-0.025439053773880005,1,0.999908983707428,0.010723251849412918,0.008173621259629726,0,-0.009071201086044312,0.9835162162780762,-0.18059509992599487,0,-0.009975448250770569,0.18050438165664673,0.9835232496261597,0,0,0.0709799975156784,-0.009132999926805496,1,0.9998045563697815,-0.018461430445313454,0.00701028062030673,0,0.019113099202513695,0.9939194321632385,-0.10843946039676666,0,-0.004965706262737513,0.10855226218700409,0.9940780401229858,0,0,0.08349200338125229,0,1,0.999810516834259,-0.018397698178887367,0.006350251380354166,0,0.018978353589773178,0.9939154386520386,-0.10849972814321518,0,-0.004315466620028019,0.10859967023134232,0.9940760731697083,0,0,0.0954200029373169,0,1,0.9985000491142273,0.026894085109233856,0.04768070578575134,0,-0.024113396182656288,0.998027503490448,-0.05796496197581291,0,-0.04914556071162224,0.05672826990485191,0.9971789121627808,0,0,0.10734699666500092,0,1,0.9553329944610596,0.2129136621952057,0.20495489239692688,0,-0.24549710750579834,0.9578350186347961,0.14927838742733002,0,-0.16452951729297638,-0.1929263323545456,0.9673207402229309,0,0,0.03234599903225899,0.012275000102818012,1,0.2857118844985962,0.06139091029763222,-0.9563472867012024,0,0.9369720220565796,-0.22734087705612183,0.2653297781944275,0,-0.2011280059814453,-0.9718785881996155,-0.12247558683156967,0,0.04196000099182129,0.09171699732542038,-0.002015999983996153,1,0.9569799304008484,-0.270999014377594,0.10367843508720398,0,0.0900646448135376,0.6171096563339233,0.7817061543464661,0,-0.2758224606513977,-0.738739013671875,0.6149687767028809,0,0,0.08918199688196182,0,1,0.9665484428405762,0.25107142329216003,-0.05242162197828293,0,-0.2517796754837036,0.9677568674087524,-0.007270484697073698,0,0.04890597611665726,0.020225973799824715,0.998598575592041,0,0,0.20693500339984894,0,1,0.7693699598312378,0.42509764432907104,0.4768260717391968,0,-0.11485259234905243,0.8263225555419922,-0.551361620426178,0,-0.6283943057060242,0.3694361448287964,0.6845709085464478,0,0,0.23471599817276,0,1,0.9551696181297302,0.2957870662212372,-0.012665092945098877,0,-0.29391753673553467,0.9422605037689209,-0.16049133241176605,0,-0.0355374701321125,0.15701906383037567,0.9869563579559326,0,0,0.049660999327898026,0,1,0.999459981918335,0.03277508169412613,-0.002171826083213091,0,-0.03277267888188362,0.9905732274055481,-0.13300339877605438,0,-0.002207845915108919,0.13300283253192902,0.9911131262779236,0,0,0.020037999376654625,0,1,0.9606361389160156,-0.2757022976875305,-0.0341532826423645,0,0.27771925926208496,0.9499022364616394,0.1433805227279663,0,-0.007088055834174156,-0.14722149074077606,0.9890779256820679,0,0.00113800005055964,0.0330829992890358,0.004523999989032745,1,-0.06404133886098862,0.015607088804244995,0.9978247880935669,0,-0.9965108633041382,-0.0546320341527462,-0.06310251355171204,0,0.05352836847305298,-0.9983844757080078,0.019051356241106987,0,-0.04196000099182129,0.0917150005698204,-0.0020069999154657125,1,0.4661727845668793,-0.15490655601024628,-0.8710260987281799,0,0.0020485357381403446,0.9847376942634583,-0.174033060669899,0,0.884691596031189,0.07934519648551941,0.4593755006790161,0,0,0.08918199688196182,0,1,0.6234701871871948,-0.7789806723594666,0.06688269972801208,0,0.781332790851593,0.6238786578178406,-0.017167914658784866,0,-0.028353238478302956,0.06296136975288391,0.9976134896278381,0,0,0.2069060057401657,0,1,0.7726949453353882,-0.14651738107204437,-0.617637038230896,0,-0.12454836070537567,0.9190908074378967,-0.37384524941444397,0,0.6224391460418701,0.3657938838005066,0.6919280290603638,0,0,0.23405499756336212,0,1,0.7548961639404297,-0.3387962579727173,0.5615596175193787,0,0.3486606180667877,0.9325319528579712,0.09390954673290253,0,-0.5554887056350708,0.12490182369947433,0.8220900893211365,0,0,0.064519003033638,0,1,0.9994617700576782,-0.018894365057349205,0.026822632178664207,0,0.0057606748305261135,0.9058902263641357,0.42347249388694763,0,-0.03229961544275284,-0.42309024930000305,0.9055117964744568,0,0,0.01744600012898445,0,1,0.9972015023231506,0.0695958063006401,0.027314811944961548,0,-0.07469487935304642,0.9431247711181641,0.3239380419254303,0,-0.00321654649451375,-0.32507190108299255,0.9456842541694641,0,0.0033650000113993883,0.025111999362707138,-0.005659000016748905,1,-0.775780439376831,-0.3541604280471802,0.5222410559654236,0,0.5860676169395447,-0.7111451029777527,0.38832709193229675,0,0.2338588982820511,0.6073247194290161,0.7592538595199585,0,0.0709569975733757,-0.03940900042653084,-0.002124000107869506,1,0.9976828694343567,-0.052358727902173996,0.04343947023153305,0,0.0385725274682045,-0.09062708914279938,-0.9951379299163818,0,0.05604095384478569,0.9945076107978821,-0.08839748054742813,0,0,0.3308440148830414,0,1,0.986804723739624,-0.16050413250923157,0.021308986470103264,0,0.12846267223358154,0.8562372326850891,0.5003538727760315,0,-0.09855449944734573,-0.4910145699977875,0.865558385848999,0,0,0.29191601276397705,0,1,0.9893020987510681,0.00030844812863506377,0.1458844244480133,0,-0.10032330453395844,0.7274421453475952,0.6787953972816467,0,-0.10591308027505875,-0.6861691474914551,0.7196907997131348,0,0,0.12916600704193115,0,1,-0.7817187309265137,0.4475833475589752,-0.43426308035850525,0,-0.47492632269859314,-0.8785693645477295,-0.05060116574168205,0,-0.40417879819869995,0.1666872352361679,0.8993638753890991,0,-0.0709569975733757,-0.03940900042653084,-0.002420000033453107,1,0.98499596118927,0.02991032786667347,-0.16996298730373383,0,-0.10455022007226944,0.8869814276695251,-0.44981348514556885,0,0.13730008900165558,0.46083465218544006,0.8768012523651123,0,0,0.33078300952911377,0,1,0.9692052602767944,0.24103844165802002,-0.05041182413697243,0,-0.21437549591064453,0.9266072511672974,0.30893760919570923,0,0.12117781490087509,-0.28861692547798157,0.9497454762458801,0,0,0.29187700152397156,0,1,0.9911742210388184,0.00010909909178735688,-0.13256748020648956,0,0.08136707544326782,0.7889775037765503,0.6090108156204224,0,0.10465917736291885,-0.6144223213195801,0.7820050716400146,0,0,0.12731100618839264,0,1
K0.134,0.9787131547927856,-0.014986050315201283,-0.20468394458293915,0,0.16603663563728333,0.6440296173095703,0.7467649579048157,0,0.12063144892454147,-0.7648536562919617,0.6328083872795105,0,-0.0002795170294120908,0.7814017534255981,-0.025226939469575882,1,0.9999520182609558,0.008094945922493935,0.005483608227223158,0,-0.0069710551761090755,0.9835167527198792,-0.18068310618400574,0,-0.0068558393977582455,0.18063616752624512,0.9835257530212402,0,0,0.0709799975156784,-0.009132999926805496,1,0.9997701048851013,-0.021350249648094177,0.002080077538266778,0,0.021449806168675423,0.993831992149353,-0.10880083590745926,0,0.000255677558016032,0.10882041603326797,0.9940611720085144,0,0,0.08349200338125229,0,1,0.9997721314430237,-0.02129746600985527,0.0014634995022788644,0,0.02133023738861084,0.9938321113586426,-0.10882863402366638,0,0.0008633004617877305,0.10883495956659317,0.9940590858459473,0,0,0.0954200029373169,0,1,0.9982588291168213,0.035885024815797806,0.04680792987346649,0,-0.033488187938928604,0.9981356263160706,-0.05102219432592392,0,-0.04855160415172577,0.049365848302841187,0.9975995421409607,0,0,0.10734699666500092,0,1,0.9597600102424622,0.20941771566867828,0.18709689378738403,0,-0.23838166892528534,0.9597342610359192,0.1486065536737442,0,-0.14844244718551636,-0.1872270554304123,0.9710357189178467,0,0,0.03234599903225899,0.012275000102818012,1,0.2628749907016754,0.05437290668487549,-0.9632965922355652,0,0.9447780251502991,-0.21700002253055573,0.2455729842185974,0,-0.1956828385591507,-0.9746564030647278,-0.10841422528028488,0,0.04196000099182129,0.09171699732542038,-0.002015999983996153,1,0.9136290550231934,-0.39315134286880493,0.1035105437040329,0,0.18715324997901917,0.6327499747276306,0.7514002323150635,0,-0.36090990900993347,-0.6671280264854431,0.6516776084899902,0,0,0.08918199688196182,0,1,0.9463617205619812,0.3187928795814514,-0.05263666436076164,0,-0.3196856677532196,0.9474777579307556,-0.00929236225783825,0,0.04690973833203316,0.02562112733721733,0.9985703825950623,0,0,0.20693500339984894,0,1,0.7471185922622681,0.41743290424346924,0.5172656774520874,0,-0.05335149168968201,0.8133542537689209,-0.5793172121047974,0,-0.6625463962554932,0.4052217900753021,0.6299428939819336,0,0,0.23471599817276,0,1,0.9542484283447266,0.297308087348938,-0.031911592930555344,0,-0.2968255579471588,0.928955614566803,-0.22121354937553406,0,-0.03612414747476578,0.22056496143341064,0.9747036099433899,0,0,0.049660999327898026,0,1,0.9994609951972961,0.03276778385043144,-0.0021692642476409674,0,-0.032765284180641174,0.9905853271484375,-0.1329188495874405,0,-0.0022066133096814156,0.13291819393634796,0.9911243915557861,0,0,0.020037999376654625,0,1,0.9608384966850281,-0.2752651870250702,-0.03192823752760887,0,0.27702730894088745,0.9513271450996399,0.13502873480319977,0,-0.006794504821300507,-0.13858571648597717,0.9903271198272705,0,0.00113800005055964,0.0330829992890358,0.004523999989032745,1,-0.033034712076187134,0.000020166737158433534,0.999454140663147,0,-0.9973730444908142,-0.06450613588094711,-0.03296462073922157,0,0.06447022408246994,-0.9979170560836792,0.002151047345250845,0,-0.04196000099182129,0.0917150005698204,-0.0020069999154657125,1,0.5226368308067322,-0.17813484370708466,-0.8337377905845642,0,0.028904356062412262,0.9810677170753479,-0.19149407744407654,0,0.85206538438797,0.07598324865102768,0.5178912281990051,0,0,0.08918199688196182,0,1,0.6427090764045715,-0.7632110714912415,0.06659147888422012,0,0.7655209898948669,0.6431919932365417,-0.01675904169678688,0,-0.030040431767702103,0.061748385429382324,0.9976398348808289,0,0,0.2069060057401657,0,1,0.7722952365875244,-0.1458263248205185,-0.6182996034622192,0,-0.13813617825508118,0.9114575982093811,-0.3875086307525635,0,0.6200628876686096,0.3846806287765503,0.6837705373764038,0,0,0.23405499756336212,0,1,0.7548466920852661,-0.3370012044906616,0.5627050399780273,0,0.34879741072654724,0.9327940940856934,0.09074772149324417,0,-0.5554702877998352,0.12776950001716614,0.8216620087623596,0,0,0.064519003033638,0,1,0.9995384812355042,-0.014081325381994247,0.026935933157801628,0,0.001560109667479992,0.908810019493103,0.4172070026397705,0,-0.03035447746515274,-0.41697248816490173,0.9084126353263855,0,0,0.01744600012898445,0,1,0.9970710873603821,0.07188759744167328,0.026117654517292976,0,-0.07646835595369339,0.9440503120422363,0.32081273198127747,0,-0.0015939227305352688,-0.32187017798423767,0.9467820525169373,0,0.0033650000113993883,0.025111999362707138,-0.005659000016748905,1,-0.7719244956970215,-0.35496190190315247,0.5273854732513428,0,0.5976128578186035,-0.6880725026130676,0.41160109639167786,0,0.21677657961845398,0.6328967809677124,0.7432692050933838,0,0.0709569975733757,-0.03940900042653084,-0.002124000107869506,1,0.9972720742225647,-0.062499552965164185,0.03926071152091026,0,0.03196268528699875,-0.11376312375068665,-0.9929937124252319,0,0.06652809679508209,0.9915398359298706,-0.11145513504743576,0,0,0.3308440148830414,0,1,0.9877241253852844,-0.15488989651203156,0.020235974341630936,0,0.12238617986440659,0.8478527069091797,0.5159144401550293,0,-0.09706714749336243,-0.5071049332618713,0.8564016222953796,0,0,0.29191601276397705,0,1,0.9894008636474609,0.0003190514980815351,0.14521217346191406,0,-0.09927750378847122,0.7312743663787842,0.6748188734054565,0,-0.10597468912601471,-0.6820828914642334,0.7235553860664368,0,0,0.12916600704193115,0,1,-0.7808958888053894,0.45301440358161926,-0.430092990398407,0,-0.46588581800460815,-0.8810286521911621,-0.0820993185043335,0,-0.41611605882644653,0.13626311719417572,0.8990437984466553,0,-0.0709569975733757,-0.03940900042653084,-0.002420000033453107,1,0.9853509664535522,0.0340806320309639,-0.16709882020950317,0,-0.10493882745504379,0.8935321569442749,-0.4365646541118622,0,0.13442979753017426,0.44770464301109314,0.8840193152427673,0,0,0.33078300952911377,0,1,0.9701439738273621,0.23716409504413605,-0.05073517933487892,0,-0.2138524353504181,0.9351803660392761,0.2823197841644287,0,0.11440261453390121,-0.2630409002304077,0.957977294921875,0,0,0.29187700152397156,0,1,0.9911823272705078,0.00011434536281740293,-0.13250461220741272,0,0.08127112686634064,0.7892899513244629,0.608618438243866,0,0.10465420037508011,-0.6140208840370178,0.7823212742805481,0,0,0.12731100618839264,0,1
